# unix_time, cycles_done, cur_path, paths_total, pending_total, pending_favs, map_size, unique_crashes, unique_hangs, max_depth, execs_per_sec
1515605020, 0, 0, 5, 5, 5, 0.09%, 0, 0, 1, 344.83
1515605025, 0, 0, 27, 27, 5, 0.44%, 8, 0, 2, 599.95
1515605030, 0, 0, 28, 28, 5, 0.44%, 9, 0, 2, 575.63
1515605035, 0, 0, 29, 29, 5, 0.44%, 9, 0, 2, 547.68
1515605040, 0, 0, 30, 30, 5, 0.44%, 9, 0, 2, 523.36
1515605071, 0, 1, 30, 29, 11, 0.44%, 10, 0, 2, 610.63
1515605076, 0, 1, 32, 31, 11, 0.44%, 10, 0, 2, 617.14
1515605081, 0, 3, 32, 29, 9, 0.44%, 11, 0, 2, 685.69
1515605086, 0, 7, 32, 27, 7, 0.44%, 13, 0, 2, 636.54
1515605091, 0, 9, 32, 26, 6, 0.44%, 13, 0, 2, 593.19
1515605096, 0, 9, 33, 27, 6, 0.44%, 13, 0, 3, 533.61
1515605107, 0, 12, 33, 26, 6, 0.44%, 13, 0, 3, 584.28
1515605112, 0, 14, 33, 25, 5, 0.44%, 13, 0, 3, 615.68
1515605117, 0, 15, 33, 24, 4, 0.44%, 13, 0, 3, 584.96
1515605132, 0, 16, 33, 23, 3, 0.44%, 13, 0, 3, 598.89
1515605142, 0, 17, 35, 24, 2, 0.44%, 13, 0, 3, 754.16
1515605147, 0, 32, 37, 25, 1, 0.44%, 13, 0, 4, 751.18
1515605152, 0, 32, 39, 27, 1, 0.44%, 13, 0, 4, 756.14
1515605173, 1, 10, 39, 26, 0, 0.44%, 13, 0, 4, 683.28
1515605183, 1, 18, 39, 25, 0, 0.44%, 13, 0, 4, 608.96
1515605213, 1, 23, 39, 24, 0, 0.44%, 13, 0, 4, 471.16
1515605264, 1, 28, 40, 24, 0, 0.44%, 13, 0, 4, 570.09
1515605279, 1, 33, 40, 23, 0, 0.44%, 13, 0, 4, 664.59
1515605284, 1, 35, 40, 22, 0, 0.44%, 13, 0, 4, 637.15
1515605290, 1, 35, 43, 25, 0, 0.44%, 13, 0, 5, 583.39
1515605295, 1, 35, 44, 26, 0, 0.44%, 13, 0, 5, 595.60
1515605300, 1, 35, 45, 27, 0, 0.44%, 13, 0, 5, 547.77
1515605325, 1, 35, 46, 28, 0, 0.44%, 13, 0, 5, 625.28
1515605330, 1, 42, 47, 28, 0, 0.44%, 13, 0, 6, 621.76
1515605340, 1, 42, 49, 30, 0, 0.44%, 13, 0, 6, 573.13
1515605396, 1, 43, 49, 29, 0, 0.44%, 13, 0, 6, 499.37
1515605411, 1, 43, 53, 33, 0, 0.44%, 13, 0, 6, 497.37
1515605416, 1, 43, 54, 34, 0, 0.44%, 13, 0, 6, 521.74
1515605421, 1, 43, 55, 35, 0, 0.44%, 13, 0, 6, 468.99
1515605431, 1, 43, 56, 36, 0, 0.44%, 13, 0, 6, 539.22
1515605457, 2, 12, 56, 34, 0, 0.44%, 13, 0, 6, 654.87
1515605462, 2, 40, 56, 33, 0, 0.44%, 13, 0, 6, 629.98
1515605482, 2, 47, 56, 32, 0, 0.44%, 13, 0, 6, 504.44
1515605487, 2, 47, 57, 33, 0, 0.44%, 13, 0, 7, 534.13
1515605523, 2, 48, 57, 32, 0, 0.44%, 13, 0, 7, 551.94
1515605563, 2, 48, 58, 33, 0, 0.44%, 13, 0, 7, 474.37
1515605584, 2, 49, 58, 32, 0, 0.44%, 13, 0, 7, 460.28
1515605614, 2, 49, 59, 33, 0, 0.44%, 13, 0, 7, 369.19
1515605619, 2, 49, 60, 34, 0, 0.44%, 13, 0, 7, 447.39
1515605624, 2, 49, 68, 42, 0, 0.44%, 13, 0, 7, 424.95
1515605630, 2, 49, 70, 44, 0, 0.44%, 13, 0, 7, 429.90
1515605635, 2, 49, 73, 47, 0, 0.44%, 13, 0, 7, 408.88
1515605640, 2, 49, 75, 49, 0, 0.44%, 13, 0, 7, 364.66
1515605645, 2, 49, 76, 50, 0, 0.44%, 13, 0, 7, 360.42
1515605655, 2, 49, 77, 51, 0, 0.44%, 13, 0, 7, 349.88
1515605680, 2, 49, 78, 52, 0, 0.44%, 13, 0, 7, 435.47
1515605690, 2, 54, 78, 51, 0, 0.44%, 13, 0, 7, 481.57
1515605726, 2, 54, 79, 52, 0, 0.44%, 13, 0, 7, 526.15
1515605731, 2, 55, 79, 51, 0, 0.44%, 13, 0, 7, 475.48
1515605787, 2, 55, 80, 52, 0, 0.44%, 13, 0, 7, 337.74
1515605792, 2, 55, 80, 52, 0, 0.44%, 14, 0, 7, 349.65
1515605807, 2, 55, 81, 53, 0, 0.44%, 14, 0, 7, 373.75
1515605812, 2, 55, 82, 54, 0, 0.44%, 14, 0, 7, 397.83
1515605817, 2, 55, 83, 55, 0, 0.44%, 14, 0, 7, 403.98
1515605822, 2, 55, 84, 56, 0, 0.44%, 14, 0, 7, 423.09
1515605828, 2, 55, 85, 57, 0, 0.44%, 14, 0, 7, 404.49
1515605838, 2, 55, 86, 58, 0, 0.44%, 14, 0, 7, 422.83
1515605843, 2, 57, 86, 57, 0, 0.44%, 14, 0, 7, 477.54
1515605894, 2, 57, 87, 58, 0, 0.44%, 14, 0, 8, 445.45
1515605909, 2, 57, 88, 59, 0, 0.44%, 14, 0, 8, 475.41
1515605934, 2, 64, 88, 58, 0, 0.44%, 14, 0, 8, 420.01
1515605990, 2, 65, 88, 57, 0, 0.44%, 14, 0, 8, 390.29
1515606388, 2, 66, 88, 56, 0, 0.44%, 14, 0, 8, 552.81
1515606465, 2, 67, 88, 55, 0, 0.44%, 14, 0, 8, 385.83
1515606602, 2, 67, 93, 60, 0, 0.44%, 14, 0, 8, 347.84
1515606617, 2, 67, 94, 61, 0, 0.44%, 14, 0, 8, 336.75
1515606657, 2, 67, 95, 62, 0, 0.44%, 14, 0, 8, 379.94
1515606662, 2, 67, 96, 63, 0, 0.44%, 14, 0, 8, 379.33
1515606667, 2, 71, 96, 62, 0, 0.44%, 14, 0, 8, 311.57
1515606739, 2, 71, 97, 63, 0, 0.44%, 14, 0, 8, 152.28
1515607431, 2, 71, 98, 64, 0, 0.44%, 14, 0, 8, 154.59
1515607451, 2, 71, 99, 65, 0, 0.44%, 14, 0, 8, 174.46
1515607467, 2, 71, 102, 68, 0, 0.44%, 14, 0, 8, 221.46
1515607569, 2, 74, 102, 67, 0, 0.44%, 14, 0, 8, 225.48
1515608074, 2, 76, 102, 66, 0, 0.44%, 14, 0, 8, 297.02
1515608208, 2, 77, 102, 65, 0, 0.44%, 14, 0, 8, 195.60
1515609139, 2, 81, 102, 64, 0, 0.44%, 14, 0, 8, 253.37
1515609419, 2, 94, 102, 63, 0, 0.44%, 14, 0, 8, 171.96
1515610549, 2, 95, 102, 62, 0, 0.44%, 14, 0, 8, 160.84
1515611750, 2, 95, 103, 63, 0, 0.44%, 14, 0, 9, 160.55
1515611801, 2, 98, 103, 62, 0, 0.44%, 14, 0, 9, 158.83
1515612789, 2, 99, 103, 61, 0, 0.44%, 14, 0, 9, 161.27
1515613699, 2, 102, 103, 60, 0, 0.44%, 14, 0, 9, 121.89
1515621585, 3, 11, 103, 59, 0, 0.44%, 14, 0, 9, 617.27
1515621595, 3, 20, 103, 58, 0, 0.44%, 14, 0, 9, 482.75
1515621610, 3, 26, 103, 57, 0, 0.44%, 14, 0, 9, 585.20
1515621620, 3, 31, 104, 57, 0, 0.44%, 14, 0, 9, 719.97
1515621625, 3, 37, 105, 57, 0, 0.44%, 14, 0, 9, 744.38
1515621630, 3, 39, 105, 56, 0, 0.44%, 14, 0, 9, 543.73
1515621646, 3, 51, 105, 55, 0, 0.44%, 14, 0, 9, 448.81
1515621696, 3, 56, 105, 54, 0, 0.44%, 14, 0, 9, 459.99
1515621732, 3, 60, 105, 53, 0, 0.44%, 14, 0, 9, 374.76
1515621794, 3, 73, 105, 52, 0, 0.44%, 14, 0, 9, 339.74
1515621931, 3, 75, 105, 51, 0, 0.44%, 14, 0, 9, 284.83
1515622170, 3, 81, 105, 50, 0, 0.44%, 14, 0, 9, 338.77
1515622175, 3, 83, 105, 50, 0, 0.44%, 14, 0, 9, 276.75
