# unix_time, cycles_done, cur_path, paths_total, pending_total, pending_favs, map_size, unique_crashes, unique_hangs, max_depth, execs_per_sec
1515605825, 0, 0, 5, 5, 5, 0.07%, 0, 0, 1, 209.42
1515605830, 0, 0, 10, 10, 5, 0.30%, 2, 0, 2, 258.65
1515605835, 0, 0, 16, 16, 5, 0.30%, 4, 0, 2, 275.53
1515605840, 0, 0, 21, 21, 5, 0.30%, 4, 0, 2, 276.76
1515605855, 0, 0, 22, 22, 5, 0.30%, 4, 0, 2, 276.59
1515605865, 0, 0, 23, 23, 5, 0.30%, 5, 0, 2, 279.38
1515605926, 0, 0, 24, 24, 5, 0.30%, 5, 0, 2, 278.57
1515605931, 0, 0, 25, 25, 5, 0.30%, 5, 0, 2, 278.80
1515605951, 0, 1, 25, 24, 7, 0.30%, 6, 0, 2, 281.55
1515605961, 0, 2, 25, 23, 6, 0.30%, 7, 0, 2, 283.27
1515605966, 0, 3, 25, 22, 5, 0.30%, 7, 0, 2, 282.72
1515605971, 0, 3, 26, 23, 5, 0.31%, 7, 0, 2, 281.27
1515605976, 0, 4, 26, 22, 5, 0.31%, 7, 0, 2, 282.56
1515605981, 0, 4, 27, 23, 5, 0.31%, 7, 0, 2, 284.18
1515605986, 0, 4, 28, 24, 5, 0.31%, 7, 0, 2, 284.63
1515605991, 0, 4, 29, 25, 5, 0.31%, 7, 0, 2, 283.27
1515606007, 0, 20, 30, 25, 5, 0.31%, 7, 0, 3, 276.06
1515606017, 0, 20, 30, 25, 5, 0.31%, 8, 0, 3, 259.28
1515606032, 0, 23, 33, 27, 5, 0.32%, 8, 0, 3, 261.60
1515606037, 0, 23, 35, 29, 5, 0.32%, 9, 0, 3, 262.44
1515606048, 0, 23, 37, 31, 5, 0.32%, 9, 0, 3, 265.18
1515606058, 0, 23, 40, 34, 5, 0.32%, 9, 0, 3, 269.39
1515606068, 0, 23, 41, 35, 5, 0.32%, 9, 0, 3, 271.18
1515606089, 0, 23, 42, 36, 5, 0.32%, 9, 0, 3, 271.24
1515606105, 0, 23, 43, 37, 5, 0.32%, 9, 0, 3, 271.52
1515606120, 0, 23, 44, 38, 5, 0.32%, 9, 0, 3, 271.15
1515606171, 0, 26, 46, 39, 8, 0.32%, 9, 0, 3, 293.58
1515606176, 0, 26, 48, 41, 8, 0.32%, 9, 0, 3, 293.28
1515606186, 0, 28, 50, 42, 9, 0.32%, 10, 0, 3, 285.12
1515606207, 0, 28, 51, 43, 9, 0.32%, 10, 0, 3, 289.65
1515606274, 0, 29, 51, 42, 8, 0.32%, 10, 0, 3, 278.07
1515606279, 0, 29, 51, 42, 8, 0.32%, 11, 0, 3, 272.20
1515606294, 0, 32, 51, 41, 7, 0.32%, 11, 0, 3, 271.73
1515606299, 0, 32, 51, 41, 7, 0.32%, 12, 0, 3, 271.62
1515606310, 0, 32, 52, 42, 7, 0.32%, 12, 0, 4, 277.55
1515606320, 0, 32, 53, 43, 7, 0.33%, 12, 0, 4, 280.06
1515606330, 0, 32, 54, 44, 7, 0.33%, 12, 0, 4, 279.96
1515606350, 0, 32, 55, 45, 7, 0.33%, 12, 0, 4, 280.16
1515606360, 0, 32, 56, 46, 7, 0.33%, 12, 0, 4, 279.65
1515606396, 0, 33, 57, 46, 7, 0.33%, 12, 0, 4, 276.23
1515606401, 0, 33, 60, 49, 7, 0.34%, 12, 0, 4, 270.17
1515606406, 0, 33, 60, 49, 7, 0.34%, 13, 0, 4, 268.33
1515606411, 0, 33, 63, 52, 7, 0.35%, 13, 0, 4, 273.14
1515606416, 0, 33, 71, 60, 7, 0.35%, 14, 0, 4, 276.06
1515606421, 0, 33, 76, 65, 7, 0.35%, 15, 0, 4, 279.22
1515606426, 0, 33, 80, 69, 7, 0.35%, 15, 0, 4, 278.83
1515606431, 0, 33, 82, 71, 7, 0.35%, 15, 0, 4, 279.87
1515606441, 0, 33, 82, 71, 7, 0.35%, 16, 0, 4, 279.54
1515606446, 0, 33, 82, 71, 7, 0.35%, 17, 0, 4, 278.60
1515606451, 0, 33, 84, 73, 7, 0.35%, 18, 0, 4, 277.97
1515606456, 0, 33, 85, 74, 7, 0.35%, 18, 0, 4, 278.84
1515606461, 0, 33, 86, 75, 7, 0.35%, 18, 0, 4, 278.95
1515606466, 0, 33, 88, 77, 7, 0.35%, 18, 0, 4, 278.58
1515606471, 0, 33, 90, 79, 7, 0.35%, 18, 0, 4, 280.13
1515606492, 0, 33, 92, 81, 7, 0.35%, 18, 0, 4, 278.31
1515606497, 0, 33, 94, 83, 7, 0.35%, 18, 0, 4, 280.67
1515606517, 0, 33, 96, 85, 7, 0.35%, 18, 0, 4, 278.15
1515606527, 0, 33, 97, 86, 7, 0.35%, 19, 0, 4, 279.24
1515606532, 0, 34, 97, 85, 14, 0.35%, 19, 0, 4, 275.31
1515606537, 0, 34, 97, 85, 14, 0.35%, 20, 0, 4, 273.18
1515606547, 0, 34, 99, 87, 14, 0.35%, 20, 0, 4, 275.63
1515606557, 0, 42, 99, 86, 13, 0.35%, 20, 0, 4, 276.05
1515606578, 0, 44, 99, 85, 12, 0.35%, 21, 0, 4, 275.20
1515606583, 0, 44, 100, 86, 12, 0.35%, 21, 0, 4, 281.11
1515606593, 0, 45, 100, 85, 11, 0.35%, 22, 0, 4, 284.77
1515606598, 0, 45, 101, 86, 11, 0.35%, 22, 0, 4, 284.47
1515606613, 0, 51, 101, 85, 10, 0.35%, 22, 0, 4, 276.05
1515606644, 0, 51, 102, 86, 10, 0.35%, 22, 0, 5, 268.74
1515606649, 0, 51, 103, 87, 10, 0.35%, 22, 0, 5, 268.75
1515606665, 0, 51, 104, 88, 10, 0.35%, 22, 0, 5, 269.57
1515606768, 0, 52, 106, 89, 10, 0.35%, 22, 0, 5, 271.49
1515606798, 0, 52, 107, 90, 10, 0.35%, 22, 0, 5, 267.65
1515606819, 0, 52, 108, 91, 10, 0.35%, 22, 0, 5, 271.17
1515606829, 0, 52, 110, 93, 10, 0.35%, 22, 0, 5, 271.05
1515606834, 0, 52, 111, 94, 10, 0.36%, 22, 0, 5, 269.14
1515606855, 0, 52, 113, 96, 10, 0.36%, 22, 0, 5, 271.05
1515606865, 0, 52, 114, 97, 10, 0.36%, 22, 0, 5, 271.47
1515606871, 0, 52, 115, 98, 10, 0.36%, 22, 0, 5, 271.97
1515606881, 0, 52, 115, 98, 10, 0.36%, 23, 0, 5, 269.15
1515606902, 0, 52, 116, 99, 10, 0.36%, 23, 0, 5, 270.11
1515606917, 0, 57, 117, 99, 11, 0.36%, 23, 0, 5, 271.31
1515606922, 0, 57, 118, 100, 11, 0.37%, 23, 0, 5, 273.05
1515606927, 0, 57, 118, 100, 11, 0.37%, 24, 0, 5, 271.33
1515606932, 0, 57, 118, 100, 11, 0.37%, 25, 0, 5, 270.85
1515606942, 0, 58, 118, 99, 12, 0.37%, 26, 0, 5, 277.87
1515606947, 0, 58, 118, 99, 12, 0.37%, 27, 0, 5, 275.20
1515606957, 0, 58, 121, 102, 12, 0.37%, 27, 0, 5, 277.39
1515606963, 0, 58, 123, 104, 12, 0.37%, 27, 0, 5, 278.78
1515606968, 0, 58, 124, 105, 12, 0.37%, 27, 0, 5, 279.86
1515606988, 0, 58, 125, 106, 12, 0.37%, 27, 0, 5, 280.48
1515607028, 0, 58, 126, 107, 12, 0.37%, 27, 0, 5, 278.62
1515607043, 0, 59, 126, 106, 12, 0.37%, 27, 0, 5, 275.90
1515607059, 0, 59, 127, 107, 12, 0.37%, 27, 0, 5, 268.84
1515607074, 0, 59, 128, 108, 12, 0.37%, 27, 0, 5, 277.47
1515607084, 0, 59, 129, 109, 12, 0.37%, 27, 0, 5, 277.84
1515607160, 0, 59, 129, 109, 12, 0.37%, 28, 0, 5, 278.16
1515607165, 0, 59, 130, 110, 12, 0.38%, 28, 0, 5, 279.74
1515607170, 0, 59, 131, 111, 12, 0.38%, 28, 0, 5, 277.73
1515607180, 0, 62, 131, 110, 13, 0.38%, 28, 0, 5, 274.87
1515607206, 0, 62, 132, 111, 13, 0.38%, 29, 0, 5, 265.22
1515607211, 0, 62, 135, 114, 13, 0.38%, 29, 0, 5, 270.45
1515607226, 0, 62, 135, 114, 13, 0.38%, 30, 0, 5, 274.32
1515607231, 0, 62, 136, 115, 13, 0.38%, 30, 0, 5, 273.49
1515607246, 0, 62, 137, 116, 13, 0.38%, 30, 0, 5, 274.25
1515607262, 0, 62, 138, 117, 13, 0.38%, 30, 0, 5, 271.86
1515607303, 0, 62, 139, 118, 13, 0.38%, 30, 0, 5, 273.73
1515607328, 0, 65, 139, 117, 13, 0.38%, 30, 0, 5, 273.89
1515607359, 0, 65, 140, 118, 13, 0.38%, 30, 0, 5, 271.47
1515607364, 0, 65, 141, 119, 13, 0.38%, 30, 0, 5, 275.16
1515607374, 0, 65, 142, 120, 13, 0.38%, 30, 0, 5, 274.09
1515607379, 0, 65, 143, 121, 13, 0.38%, 30, 0, 5, 275.46
1515607390, 0, 65, 144, 122, 13, 0.38%, 30, 0, 5, 273.45
1515607405, 0, 65, 145, 123, 13, 0.38%, 30, 0, 5, 275.46
1515607415, 0, 65, 146, 124, 13, 0.38%, 30, 0, 5, 273.89
1515607445, 0, 65, 147, 125, 13, 0.38%, 30, 0, 5, 274.42
1515607476, 0, 94, 147, 124, 11, 0.38%, 30, 0, 5, 272.83
1515607492, 0, 94, 147, 124, 11, 0.38%, 31, 0, 5, 271.88
1515607512, 0, 94, 148, 125, 11, 0.39%, 32, 0, 5, 270.07
1515607523, 0, 107, 148, 124, 11, 0.39%, 32, 0, 5, 271.25
1515607579, 0, 113, 148, 123, 10, 0.39%, 32, 0, 5, 270.00
1515607610, 0, 113, 149, 124, 10, 0.39%, 32, 0, 6, 269.18
1515607615, 0, 113, 151, 126, 10, 0.39%, 32, 0, 6, 269.92
1515607620, 0, 113, 153, 128, 10, 0.39%, 32, 0, 6, 271.46
1515607625, 0, 113, 154, 129, 10, 0.39%, 32, 0, 6, 271.16
1515607630, 0, 113, 155, 130, 10, 0.39%, 32, 0, 6, 271.53
1515607635, 0, 113, 156, 131, 10, 0.40%, 32, 0, 6, 271.67
1515607728, 0, 116, 156, 130, 13, 0.40%, 32, 0, 6, 270.04
1515607733, 0, 116, 156, 130, 13, 0.40%, 33, 0, 6, 272.05
1515607743, 0, 116, 157, 131, 13, 0.40%, 33, 0, 6, 273.53
1515607748, 0, 116, 159, 133, 13, 0.40%, 33, 0, 6, 280.46
1515607753, 0, 116, 160, 134, 13, 0.40%, 33, 0, 6, 280.96
1515607759, 0, 116, 161, 135, 13, 0.40%, 33, 0, 6, 280.71
1515607769, 0, 116, 162, 136, 13, 0.40%, 33, 0, 6, 281.57
1515607789, 0, 116, 163, 137, 13, 0.40%, 34, 0, 6, 281.71
1515607804, 0, 116, 164, 138, 13, 0.40%, 34, 0, 6, 281.03
1515607824, 0, 116, 165, 139, 13, 0.40%, 34, 0, 6, 281.44
1515607860, 0, 117, 165, 138, 12, 0.40%, 34, 0, 6, 281.39
1515607875, 0, 117, 166, 139, 12, 0.40%, 34, 0, 6, 278.70
1515607880, 0, 117, 167, 140, 12, 0.40%, 34, 0, 6, 282.71
1515607885, 0, 117, 168, 141, 12, 0.40%, 34, 0, 6, 283.34
1515607900, 0, 117, 169, 142, 12, 0.40%, 34, 0, 6, 284.16
1515607915, 0, 117, 169, 142, 12, 0.40%, 35, 0, 6, 281.22
1515607920, 0, 117, 170, 143, 12, 0.40%, 35, 0, 6, 281.05
1515607940, 0, 117, 171, 144, 12, 0.40%, 35, 0, 6, 281.36
1515607991, 0, 123, 171, 143, 11, 0.40%, 35, 0, 6, 280.39
1515608027, 0, 123, 172, 144, 11, 0.40%, 35, 0, 6, 276.21
1515608032, 0, 132, 172, 143, 11, 0.40%, 35, 0, 6, 273.84
1515608047, 0, 132, 172, 143, 11, 0.40%, 36, 0, 6, 269.44
1515608068, 0, 142, 172, 142, 10, 0.40%, 36, 0, 6, 273.40
1515608098, 0, 142, 173, 143, 10, 0.40%, 36, 0, 6, 273.40
1515608108, 0, 144, 173, 142, 9, 0.40%, 36, 0, 6, 273.67
1515608118, 0, 144, 173, 142, 9, 0.40%, 37, 0, 6, 271.35
1515608139, 0, 144, 174, 143, 9, 0.40%, 37, 0, 6, 274.20
1515608144, 0, 144, 176, 145, 9, 0.40%, 37, 0, 6, 275.57
1515608164, 0, 144, 176, 145, 9, 0.40%, 38, 0, 6, 276.70
1515608174, 0, 144, 177, 146, 9, 0.40%, 38, 0, 6, 277.13
1515608245, 0, 144, 178, 147, 9, 0.40%, 38, 0, 6, 276.33
1515608250, 0, 148, 178, 146, 9, 0.40%, 38, 0, 6, 272.11
1515608265, 0, 148, 179, 147, 9, 0.40%, 38, 0, 7, 271.94
1515608291, 0, 148, 180, 148, 9, 0.41%, 38, 0, 7, 267.21
1515608296, 0, 148, 181, 149, 9, 0.41%, 38, 0, 7, 267.86
1515608311, 0, 148, 182, 150, 9, 0.41%, 38, 0, 7, 267.80
1515608327, 0, 148, 183, 151, 9, 0.41%, 38, 0, 7, 268.10
1515608357, 0, 148, 184, 152, 9, 0.41%, 38, 0, 7, 267.41
1515608363, 0, 148, 185, 153, 9, 0.41%, 38, 0, 7, 266.71
1515608378, 0, 148, 186, 154, 9, 0.41%, 38, 0, 7, 266.29
1515608414, 0, 150, 187, 154, 11, 0.41%, 38, 0, 7, 268.86
1515608491, 0, 150, 189, 156, 11, 0.42%, 38, 0, 7, 259.41
1515608496, 0, 150, 191, 158, 11, 0.42%, 38, 0, 7, 260.16
1515608501, 0, 150, 193, 160, 11, 0.42%, 38, 0, 7, 261.98
1515608511, 0, 150, 194, 161, 11, 0.42%, 38, 0, 7, 261.03
1515608521, 0, 150, 195, 162, 11, 0.42%, 38, 0, 7, 261.15
1515608526, 0, 150, 196, 163, 11, 0.42%, 38, 0, 7, 260.46
1515608536, 0, 150, 198, 165, 11, 0.43%, 38, 0, 7, 261.97
1515608541, 0, 150, 199, 166, 11, 0.43%, 38, 0, 7, 261.29
1515608556, 0, 150, 200, 167, 11, 0.43%, 38, 0, 7, 256.23
1515608567, 0, 150, 202, 169, 11, 0.43%, 38, 0, 7, 260.65
1515608607, 0, 151, 202, 168, 14, 0.43%, 38, 0, 7, 266.82
1515608658, 0, 159, 202, 167, 13, 0.43%, 38, 0, 7, 273.64
1515608663, 0, 159, 202, 167, 13, 0.43%, 39, 0, 7, 274.32
1515608679, 0, 159, 203, 168, 13, 0.43%, 39, 0, 7, 268.15
1515608694, 0, 163, 203, 167, 12, 0.43%, 39, 0, 7, 275.72
1515608719, 0, 163, 203, 167, 12, 0.43%, 40, 0, 7, 259.60
1515608755, 0, 163, 204, 168, 12, 0.43%, 40, 0, 7, 268.46
1515608760, 0, 166, 204, 167, 11, 0.43%, 40, 0, 7, 269.32
1515608770, 0, 166, 205, 168, 11, 0.43%, 40, 0, 7, 271.76
1515608781, 0, 166, 207, 170, 11, 0.43%, 40, 0, 7, 273.38
1515608786, 0, 166, 208, 171, 11, 0.43%, 40, 0, 7, 278.97
1515608791, 0, 166, 209, 172, 11, 0.43%, 40, 0, 7, 279.51
1515608796, 0, 166, 210, 173, 11, 0.43%, 40, 0, 7, 279.48
1515608801, 0, 166, 212, 175, 11, 0.43%, 40, 0, 7, 277.76
1515608811, 0, 166, 213, 176, 11, 0.43%, 40, 0, 7, 279.24
1515608816, 0, 166, 214, 177, 11, 0.43%, 40, 0, 7, 278.90
1515608821, 0, 166, 216, 179, 11, 0.43%, 40, 0, 7, 280.51
1515608831, 0, 166, 217, 180, 11, 0.43%, 40, 0, 7, 280.73
1515608882, 0, 166, 217, 180, 11, 0.43%, 41, 0, 7, 280.46
1515608897, 0, 179, 217, 179, 11, 0.43%, 41, 0, 7, 278.12
1515608964, 0, 181, 217, 178, 10, 0.43%, 41, 0, 7, 270.80
1515608989, 0, 181, 218, 179, 10, 0.44%, 41, 0, 8, 270.41
1515609035, 0, 181, 219, 180, 10, 0.44%, 41, 0, 8, 265.31
1515609041, 0, 181, 221, 182, 10, 0.44%, 41, 0, 8, 266.24
1515609046, 0, 181, 222, 183, 10, 0.44%, 41, 0, 8, 265.02
1515609072, 0, 181, 223, 184, 10, 0.44%, 41, 0, 8, 265.59
1515609108, 0, 181, 224, 185, 10, 0.44%, 41, 0, 8, 266.29
1515609144, 0, 187, 224, 184, 9, 0.44%, 41, 0, 8, 269.13
1515609169, 0, 187, 225, 185, 9, 0.44%, 41, 0, 8, 271.35
1515609216, 0, 189, 228, 187, 10, 0.44%, 41, 0, 8, 268.13
1515609246, 0, 189, 230, 189, 10, 0.45%, 41, 0, 8, 270.32
1515609282, 0, 189, 231, 190, 10, 0.45%, 41, 0, 8, 266.33
1515609287, 0, 189, 232, 191, 10, 0.45%, 41, 0, 8, 264.84
1515609292, 0, 189, 234, 193, 10, 0.45%, 41, 0, 8, 263.75
1515609297, 0, 189, 237, 196, 10, 0.45%, 41, 0, 8, 264.72
1515609384, 0, 189, 238, 197, 10, 0.45%, 41, 0, 8, 262.85
1515609389, 0, 189, 239, 198, 10, 0.46%, 41, 0, 8, 263.63
1515609394, 0, 189, 240, 199, 10, 0.46%, 41, 0, 8, 263.77
1515609410, 0, 197, 243, 201, 14, 0.46%, 41, 0, 8, 270.75
1515609435, 0, 197, 243, 201, 14, 0.46%, 42, 0, 8, 267.87
1515609456, 0, 197, 245, 203, 14, 0.46%, 42, 0, 8, 265.02
1515609461, 0, 197, 246, 204, 14, 0.46%, 42, 0, 8, 266.04
1515609487, 0, 197, 247, 205, 14, 0.46%, 42, 0, 8, 269.43
1515609513, 0, 197, 248, 206, 14, 0.46%, 42, 0, 8, 268.14
1515609523, 0, 197, 249, 207, 14, 0.46%, 42, 0, 8, 268.17
1515609554, 0, 197, 250, 208, 14, 0.46%, 42, 0, 8, 268.56
1515609575, 0, 201, 250, 207, 15, 0.46%, 42, 0, 8, 267.40
1515609672, 0, 210, 250, 206, 15, 0.46%, 42, 0, 8, 269.97
1515609702, 0, 212, 250, 205, 14, 0.46%, 42, 0, 8, 273.51
1515609738, 0, 212, 252, 207, 14, 0.46%, 42, 0, 8, 276.51
1515609743, 0, 212, 253, 208, 14, 0.46%, 42, 0, 8, 275.64
1515609758, 0, 212, 254, 209, 14, 0.46%, 42, 0, 8, 275.36
1515609779, 0, 212, 255, 210, 14, 0.46%, 42, 0, 8, 276.53
1515609799, 0, 212, 256, 211, 14, 0.46%, 42, 0, 8, 276.79
1515609809, 0, 212, 257, 212, 14, 0.46%, 42, 0, 8, 275.08
1515609819, 0, 226, 257, 211, 13, 0.46%, 42, 0, 8, 275.61
1515609824, 0, 226, 258, 212, 13, 0.47%, 42, 0, 9, 272.15
1515609849, 0, 226, 259, 213, 13, 0.47%, 42, 0, 9, 271.48
1515609896, 0, 226, 260, 214, 13, 0.47%, 42, 0, 9, 264.07
1515609901, 0, 226, 261, 215, 13, 0.47%, 42, 0, 9, 263.41
1515609916, 0, 226, 263, 217, 13, 0.47%, 42, 0, 9, 262.17
1515609926, 0, 226, 264, 218, 13, 0.47%, 42, 0, 9, 264.10
1515609952, 0, 226, 265, 219, 13, 0.47%, 42, 0, 9, 263.11
1515609957, 0, 229, 265, 218, 14, 0.47%, 42, 0, 9, 267.93
1515609987, 0, 229, 265, 218, 14, 0.47%, 43, 0, 9, 271.46
1515610018, 0, 229, 266, 219, 14, 0.47%, 43, 0, 9, 266.71
1515610023, 0, 229, 267, 220, 14, 0.47%, 43, 0, 9, 265.27
1515610033, 0, 229, 268, 221, 14, 0.47%, 43, 0, 9, 264.11
1515610038, 0, 229, 269, 222, 14, 0.47%, 43, 0, 9, 265.72
1515610114, 0, 230, 269, 221, 13, 0.47%, 43, 0, 9, 267.99
1515610185, 0, 230, 271, 223, 13, 0.47%, 43, 0, 9, 262.55
1515610247, 0, 237, 273, 224, 12, 0.47%, 43, 0, 9, 267.20
1515610257, 0, 237, 274, 225, 12, 0.48%, 43, 0, 9, 268.73
1515610339, 0, 237, 275, 226, 12, 0.48%, 43, 0, 9, 259.71
1515610370, 0, 238, 275, 225, 13, 0.48%, 43, 0, 9, 266.59
1515610405, 0, 238, 277, 227, 13, 0.48%, 43, 0, 9, 270.08
1515610451, 0, 238, 278, 228, 13, 0.48%, 43, 0, 9, 260.91
1515610457, 0, 238, 279, 229, 13, 0.49%, 43, 0, 9, 261.12
1515610462, 0, 238, 280, 230, 13, 0.49%, 43, 0, 9, 260.46
1515610472, 0, 238, 281, 231, 13, 0.49%, 43, 0, 9, 261.32
1515610507, 0, 238, 282, 232, 13, 0.49%, 43, 0, 9, 261.81
1515610512, 0, 240, 282, 231, 14, 0.49%, 43, 0, 9, 263.15
1515610579, 0, 241, 282, 230, 13, 0.49%, 43, 0, 9, 270.71
1515610604, 0, 241, 282, 230, 13, 0.49%, 44, 0, 9, 266.77
1515610640, 0, 247, 282, 229, 12, 0.49%, 44, 0, 9, 268.98
1515610666, 0, 247, 282, 229, 12, 0.49%, 45, 0, 9, 271.38
1515610691, 0, 247, 283, 230, 12, 0.49%, 45, 0, 9, 272.19
1515610707, 0, 257, 283, 229, 11, 0.49%, 45, 0, 9, 272.71
1515610793, 0, 258, 283, 228, 10, 0.49%, 45, 0, 9, 268.19
1515610819, 0, 258, 284, 229, 10, 0.49%, 46, 0, 10, 270.57
1515610855, 0, 258, 286, 231, 10, 0.49%, 46, 0, 10, 264.46
1515610870, 0, 258, 287, 232, 10, 0.49%, 46, 0, 10, 264.67
1515610916, 0, 258, 288, 233, 10, 0.49%, 46, 0, 10, 265.29
1515610922, 0, 269, 289, 233, 9, 0.49%, 46, 0, 10, 266.77
1515610927, 0, 269, 291, 235, 9, 0.49%, 46, 0, 10, 269.58
1515611009, 0, 269, 292, 236, 9, 0.49%, 46, 0, 10, 260.34
1515611014, 0, 269, 294, 238, 9, 0.49%, 46, 0, 10, 261.15
1515611019, 0, 269, 295, 239, 9, 0.49%, 46, 0, 10, 261.66
1515611039, 0, 269, 296, 240, 9, 0.49%, 46, 0, 10, 261.60
1515611044, 0, 269, 297, 241, 9, 0.49%, 46, 0, 10, 261.57
1515611069, 0, 274, 297, 240, 10, 0.49%, 46, 0, 10, 264.56
1515611080, 0, 274, 298, 241, 10, 0.49%, 46, 0, 10, 270.71
1515611177, 0, 274, 300, 243, 10, 0.49%, 46, 0, 10, 259.61
1515611187, 0, 274, 301, 244, 10, 0.49%, 46, 0, 10, 260.64
1515611197, 0, 274, 302, 245, 10, 0.49%, 46, 0, 10, 259.94
1515611202, 0, 274, 303, 246, 10, 0.49%, 46, 0, 10, 260.42
1515611217, 0, 274, 304, 247, 10, 0.49%, 46, 0, 10, 258.64
1515611232, 0, 275, 304, 246, 10, 0.49%, 46, 0, 10, 261.27
1515611273, 0, 275, 304, 246, 10, 0.49%, 47, 0, 10, 270.34
1515611309, 0, 275, 305, 247, 10, 0.49%, 47, 0, 10, 264.24
1515611319, 0, 275, 306, 248, 10, 0.49%, 47, 0, 10, 262.09
1515611334, 0, 275, 307, 249, 10, 0.49%, 47, 0, 10, 262.85
1515611344, 0, 275, 309, 251, 10, 0.49%, 47, 0, 10, 262.02
1515611354, 0, 275, 310, 252, 10, 0.50%, 47, 0, 10, 262.24
1515611379, 0, 277, 310, 251, 11, 0.50%, 47, 0, 10, 262.16
1515611389, 0, 277, 312, 253, 11, 0.50%, 47, 0, 10, 270.57
1515611415, 0, 277, 313, 254, 11, 0.50%, 47, 0, 10, 271.21
1515611420, 0, 277, 315, 256, 11, 0.50%, 47, 0, 10, 271.92
1515611481, 0, 278, 315, 255, 10, 0.50%, 47, 0, 10, 267.14
1515611594, 0, 287, 315, 254, 9, 0.50%, 47, 0, 10, 266.14
1515611629, 0, 287, 315, 254, 9, 0.50%, 48, 0, 10, 269.13
1515611675, 0, 287, 316, 255, 9, 0.50%, 48, 0, 11, 261.28
1515611691, 0, 287, 317, 256, 9, 0.50%, 48, 0, 11, 261.19
1515611741, 0, 288, 317, 255, 9, 0.50%, 48, 0, 11, 262.35
1515611838, 0, 290, 317, 254, 8, 0.50%, 48, 0, 11, 269.19
1515611930, 0, 304, 317, 253, 7, 0.50%, 48, 0, 11, 264.16
1515612012, 0, 304, 318, 254, 7, 0.50%, 48, 0, 11, 260.01
1515612017, 0, 304, 319, 255, 7, 0.50%, 48, 0, 11, 261.58
1515612032, 0, 304, 320, 256, 7, 0.50%, 48, 0, 11, 261.95
1515612063, 0, 304, 321, 257, 7, 0.50%, 48, 0, 11, 260.37
1515612078, 0, 307, 321, 256, 6, 0.50%, 48, 0, 11, 265.07
1515612108, 0, 307, 323, 258, 6, 0.50%, 48, 0, 11, 270.47
1515612114, 0, 307, 323, 258, 6, 0.50%, 49, 0, 11, 269.48
1515612155, 0, 307, 324, 259, 6, 0.50%, 49, 0, 11, 263.40
1515612180, 0, 307, 325, 260, 6, 0.50%, 49, 0, 11, 260.88
1515612225, 0, 312, 325, 259, 6, 0.50%, 49, 0, 11, 267.14
1515612266, 0, 312, 325, 259, 6, 0.50%, 50, 0, 11, 269.22
1515612313, 0, 312, 326, 260, 6, 0.51%, 50, 0, 11, 260.87
1515612343, 0, 313, 326, 259, 6, 0.51%, 50, 0, 11, 263.37
1515612384, 0, 313, 326, 259, 6, 0.51%, 51, 0, 11, 270.09
1515612435, 0, 313, 327, 260, 6, 0.51%, 51, 0, 11, 259.65
1515612466, 0, 318, 327, 259, 5, 0.51%, 51, 0, 11, 267.12
1515612501, 0, 318, 327, 259, 5, 0.51%, 52, 0, 11, 269.81
1515612557, 0, 318, 329, 261, 5, 0.51%, 52, 0, 12, 261.29
1515612562, 0, 318, 331, 263, 5, 0.51%, 52, 0, 12, 260.31
1515612583, 0, 318, 332, 264, 5, 0.51%, 52, 0, 12, 260.89
1515612613, 0, 322, 332, 263, 4, 0.51%, 52, 0, 12, 262.94
1515612700, 0, 322, 335, 266, 4, 0.51%, 52, 0, 12, 260.85
1515612705, 0, 322, 336, 267, 4, 0.51%, 52, 0, 12, 262.26
1515612715, 0, 322, 337, 268, 4, 0.51%, 52, 0, 12, 262.30
1515612720, 0, 322, 339, 270, 4, 0.51%, 52, 0, 12, 259.36
1515612725, 0, 322, 340, 271, 4, 0.51%, 52, 0, 12, 261.68
1515612745, 0, 322, 341, 272, 4, 0.51%, 52, 0, 12, 260.27
1515612750, 0, 322, 344, 275, 4, 0.51%, 52, 0, 12, 260.80
1515612761, 0, 325, 346, 276, 3, 0.51%, 52, 0, 12, 267.76
1515612801, 0, 325, 347, 277, 3, 0.51%, 53, 0, 12, 269.84
1515612863, 0, 325, 348, 278, 3, 0.51%, 53, 0, 12, 260.37
1515612888, 0, 339, 349, 278, 4, 0.51%, 53, 0, 13, 265.37
1515612924, 0, 339, 350, 279, 4, 0.51%, 53, 0, 13, 266.81
1515612930, 0, 339, 351, 280, 4, 0.51%, 53, 0, 13, 268.70
1515612991, 0, 339, 352, 281, 4, 0.51%, 53, 0, 13, 258.37
1515613016, 0, 345, 352, 280, 4, 0.51%, 53, 0, 13, 267.37
1515613057, 0, 345, 353, 281, 4, 0.51%, 54, 0, 13, 267.99
1515613124, 0, 346, 353, 280, 4, 0.51%, 54, 0, 13, 256.94
1515613222, 0, 346, 354, 281, 4, 0.51%, 54, 0, 13, 260.61
1515613257, 0, 352, 354, 280, 3, 0.51%, 54, 0, 13, 265.75
1515613262, 0, 352, 355, 281, 3, 0.51%, 54, 0, 14, 267.36
1515613298, 0, 352, 356, 282, 3, 0.51%, 54, 0, 14, 269.57
1515613360, 0, 352, 357, 283, 3, 0.51%, 54, 0, 14, 257.58
1515613375, 0, 352, 358, 284, 3, 0.51%, 54, 0, 14, 256.99
1515613405, 0, 352, 359, 285, 3, 0.51%, 54, 0, 14, 257.21
1515613421, 1, 87, 360, 285, 2, 0.51%, 54, 0, 14, 262.78
1515613457, 1, 87, 361, 286, 2, 0.51%, 54, 0, 14, 267.58
1515613462, 1, 87, 362, 287, 2, 0.51%, 54, 0, 14, 268.46
1515613472, 1, 87, 363, 288, 2, 0.51%, 54, 0, 14, 270.26
1515613483, 1, 87, 365, 290, 2, 0.51%, 54, 0, 14, 270.53
1515613534, 1, 87, 366, 291, 2, 0.51%, 54, 0, 14, 270.03
1515613544, 1, 87, 367, 292, 2, 0.51%, 54, 0, 14, 267.22
1515613570, 1, 87, 368, 293, 2, 0.51%, 54, 0, 14, 271.62
1515613575, 1, 178, 368, 292, 2, 0.51%, 54, 0, 14, 271.13
1515613626, 1, 204, 368, 291, 1, 0.51%, 54, 0, 14, 269.82
1515613652, 1, 205, 369, 291, 0, 0.51%, 54, 0, 14, 269.47
1515613672, 1, 205, 370, 292, 0, 0.51%, 54, 0, 14, 263.49
1515613677, 1, 205, 372, 294, 0, 0.51%, 54, 0, 14, 270.69
1515613734, 1, 205, 373, 295, 0, 0.51%, 54, 0, 14, 271.78
1515613765, 1, 206, 373, 294, 0, 0.51%, 54, 0, 14, 272.20
1515613816, 1, 206, 374, 295, 0, 0.51%, 54, 0, 14, 266.30
1515613826, 1, 211, 374, 294, 0, 0.51%, 54, 0, 14, 272.38
1515613862, 1, 211, 375, 295, 0, 0.51%, 54, 0, 14, 270.54
1515613867, 1, 211, 379, 299, 0, 0.51%, 54, 0, 14, 273.64
1515613908, 1, 211, 380, 300, 0, 0.51%, 54, 0, 14, 273.62
1515613968, 1, 211, 381, 301, 0, 0.51%, 54, 0, 14, 273.97
1515613984, 1, 213, 381, 300, 0, 0.51%, 54, 0, 14, 271.99
1515614025, 1, 215, 381, 299, 0, 0.51%, 54, 0, 14, 272.12
1515614071, 1, 216, 381, 298, 0, 0.51%, 54, 0, 14, 269.04
1515614112, 1, 218, 382, 298, 0, 0.51%, 54, 0, 14, 269.53
1515614194, 1, 218, 383, 299, 0, 0.51%, 54, 0, 14, 261.89
1515614209, 1, 218, 384, 300, 0, 0.51%, 54, 0, 14, 262.23
1515614224, 1, 218, 385, 301, 0, 0.51%, 54, 0, 14, 264.00
1515614229, 1, 218, 386, 302, 0, 0.51%, 54, 0, 14, 262.96
1515614245, 1, 218, 387, 303, 0, 0.51%, 54, 0, 14, 263.62
1515614260, 1, 226, 387, 302, 0, 0.51%, 54, 0, 14, 264.16
1515614265, 1, 229, 387, 302, 0, 0.51%, 54, 0, 14, 264.58
1515614270, 1, 230, 387, 302, 0, 0.51%, 54, 0, 14, 264.88
1515614276, 1, 231, 387, 302, 0, 0.51%, 54, 0, 14, 269.68
1515614352, 1, 231, 388, 303, 0, 0.51%, 54, 0, 14, 265.09
1515614368, 1, 231, 389, 304, 0, 0.51%, 54, 0, 14, 265.81
1515614378, 1, 231, 390, 305, 0, 0.51%, 54, 0, 14, 266.00
1515614419, 1, 234, 390, 304, 0, 0.51%, 54, 0, 14, 269.43
1515614480, 1, 234, 391, 305, 0, 0.51%, 54, 0, 14, 265.79
1515614506, 1, 240, 391, 304, 0, 0.51%, 54, 0, 14, 266.58
1515614511, 1, 241, 391, 304, 0, 0.51%, 54, 0, 14, 267.27
1515614516, 1, 249, 391, 304, 0, 0.51%, 54, 0, 14, 270.98
1515614603, 1, 250, 391, 303, 0, 0.51%, 54, 0, 14, 269.35
1515614665, 1, 258, 391, 302, 0, 0.51%, 54, 0, 14, 265.68
1515614670, 1, 262, 391, 302, 0, 0.51%, 54, 0, 14, 267.52
1515614767, 1, 272, 391, 301, 0, 0.51%, 54, 0, 14, 265.71
1515614864, 1, 272, 392, 302, 0, 0.51%, 54, 0, 14, 263.37
1515614889, 1, 276, 392, 301, 0, 0.51%, 54, 0, 14, 266.30
1515614981, 1, 277, 392, 300, 0, 0.51%, 54, 0, 14, 263.12
1515614986, 1, 278, 392, 300, 0, 0.51%, 54, 0, 14, 262.81
1515614991, 1, 279, 392, 300, 0, 0.51%, 54, 0, 14, 264.53
1515615078, 1, 282, 394, 301, 0, 0.51%, 54, 0, 14, 270.34
1515615140, 1, 282, 399, 306, 0, 0.51%, 54, 0, 14, 271.00
1515615145, 1, 282, 401, 308, 0, 0.51%, 54, 0, 14, 270.05
1515615160, 1, 282, 402, 309, 0, 0.51%, 54, 0, 14, 269.60
1515615176, 1, 282, 403, 310, 0, 0.51%, 54, 0, 14, 267.66
1515615196, 1, 282, 404, 311, 0, 0.51%, 54, 0, 14, 270.70
1515615207, 1, 288, 404, 310, 0, 0.51%, 54, 0, 14, 267.56
1515615212, 1, 290, 405, 311, 0, 0.51%, 54, 0, 14, 264.03
1515615217, 1, 290, 406, 312, 0, 0.51%, 54, 0, 14, 263.08
1515615227, 1, 290, 408, 314, 0, 0.51%, 54, 0, 14, 263.90
1515615232, 1, 292, 409, 315, 0, 0.51%, 54, 0, 14, 268.79
1515615314, 1, 292, 410, 316, 0, 0.51%, 54, 0, 14, 264.85
1515615329, 1, 292, 411, 317, 0, 0.51%, 54, 0, 14, 263.07
1515615350, 1, 292, 412, 318, 0, 0.51%, 54, 0, 14, 264.18
1515615375, 1, 299, 412, 317, 0, 0.51%, 54, 0, 14, 264.66
1515615498, 1, 299, 413, 318, 0, 0.51%, 54, 0, 14, 264.59
1515615508, 1, 299, 414, 319, 0, 0.51%, 54, 0, 14, 259.78
1515615513, 1, 299, 416, 321, 0, 0.51%, 54, 0, 14, 258.89
1515615539, 1, 299, 417, 322, 0, 0.51%, 54, 0, 14, 258.05
1515615549, 1, 299, 418, 323, 0, 0.51%, 54, 0, 14, 260.35
1515615559, 1, 299, 419, 324, 0, 0.51%, 54, 0, 14, 259.94
1515615569, 1, 300, 419, 323, 0, 0.51%, 54, 0, 14, 263.49
1515615671, 1, 300, 420, 324, 0, 0.51%, 54, 0, 14, 263.08
1515615682, 1, 300, 421, 325, 0, 0.51%, 54, 0, 14, 262.61
1515615687, 1, 300, 422, 326, 0, 0.51%, 54, 0, 14, 263.57
1515615712, 1, 300, 423, 327, 0, 0.51%, 54, 0, 14, 261.92
1515615722, 1, 300, 424, 328, 0, 0.51%, 54, 0, 14, 260.46
1515615727, 1, 300, 425, 329, 0, 0.51%, 54, 0, 14, 260.49
1515615738, 1, 307, 425, 328, 0, 0.51%, 54, 0, 14, 263.16
1515615743, 1, 308, 425, 328, 0, 0.51%, 54, 0, 14, 266.86
1515615835, 1, 308, 426, 329, 0, 0.51%, 54, 0, 14, 264.71
1515615840, 1, 308, 427, 330, 0, 0.51%, 54, 0, 14, 263.60
1515615891, 1, 311, 427, 329, 0, 0.51%, 54, 0, 14, 266.93
1515615902, 1, 311, 428, 330, 0, 0.51%, 54, 0, 14, 270.07
1515615984, 1, 311, 429, 331, 0, 0.51%, 54, 0, 14, 264.94
1515615994, 1, 311, 430, 332, 0, 0.51%, 54, 0, 14, 260.35
1515616050, 1, 318, 430, 331, 0, 0.51%, 54, 0, 14, 263.72
1515616055, 1, 322, 430, 331, 0, 0.51%, 54, 0, 14, 263.88
1515616060, 1, 335, 430, 331, 0, 0.51%, 54, 0, 14, 266.65
1515616142, 1, 335, 431, 332, 0, 0.51%, 54, 0, 14, 263.33
1515616147, 1, 335, 432, 333, 0, 0.51%, 54, 0, 14, 264.10
1515616153, 1, 335, 433, 334, 0, 0.51%, 54, 0, 14, 263.49
1515616158, 1, 335, 434, 335, 0, 0.51%, 54, 0, 14, 263.73
1515616168, 1, 335, 435, 336, 0, 0.51%, 54, 0, 14, 262.10
1515616193, 1, 335, 436, 337, 0, 0.51%, 54, 0, 14, 263.72
1515616198, 1, 335, 438, 339, 0, 0.51%, 54, 0, 14, 264.69
1515616203, 1, 335, 439, 340, 0, 0.51%, 54, 0, 14, 263.31
1515616209, 1, 338, 439, 339, 0, 0.51%, 54, 0, 14, 266.03
1515616291, 1, 338, 440, 340, 0, 0.51%, 54, 0, 14, 263.76
1515616301, 1, 338, 441, 341, 0, 0.51%, 54, 0, 14, 263.01
1515616306, 1, 338, 442, 342, 0, 0.51%, 54, 0, 14, 264.39
1515616326, 1, 338, 444, 344, 0, 0.51%, 54, 0, 14, 263.84
1515616346, 1, 338, 445, 345, 0, 0.51%, 54, 0, 14, 261.75
1515616351, 1, 338, 446, 346, 0, 0.51%, 54, 0, 14, 263.73
1515616362, 1, 343, 446, 345, 0, 0.51%, 54, 0, 14, 266.14
1515616464, 1, 343, 448, 347, 0, 0.51%, 54, 0, 14, 262.38
1515616469, 1, 343, 449, 348, 0, 0.51%, 54, 0, 14, 262.37
1515616475, 1, 343, 450, 349, 0, 0.51%, 54, 0, 14, 261.48
1515616480, 1, 343, 452, 351, 0, 0.51%, 54, 0, 14, 261.62
1515616515, 1, 343, 453, 352, 0, 0.51%, 54, 0, 14, 260.73
1515616525, 1, 346, 453, 351, 0, 0.51%, 54, 0, 14, 260.58
1515616530, 1, 351, 453, 351, 0, 0.51%, 54, 0, 14, 265.29
1515616649, 1, 351, 454, 352, 0, 0.51%, 54, 0, 14, 260.59
1515616659, 1, 351, 455, 353, 0, 0.51%, 54, 0, 14, 257.97
1515616709, 1, 352, 455, 352, 0, 0.51%, 54, 0, 14, 258.90
1515616714, 1, 355, 455, 352, 0, 0.51%, 54, 0, 14, 263.18
1515616812, 1, 355, 456, 353, 0, 0.51%, 54, 0, 15, 263.30
1515616832, 1, 355, 457, 354, 0, 0.51%, 54, 0, 15, 257.77
1515616873, 1, 355, 459, 356, 0, 0.51%, 54, 0, 15, 262.69
1515616908, 1, 360, 459, 355, 0, 0.51%, 54, 0, 15, 265.98
1515617041, 1, 360, 461, 357, 0, 0.51%, 54, 0, 15, 262.58
1515617046, 1, 360, 464, 360, 0, 0.51%, 54, 0, 15, 261.26
1515617051, 1, 360, 465, 361, 0, 0.51%, 54, 0, 15, 259.26
1515617117, 1, 360, 466, 362, 0, 0.51%, 54, 0, 15, 257.59
1515617132, 1, 363, 466, 361, 0, 0.51%, 54, 0, 15, 262.70
1515617296, 1, 363, 467, 362, 0, 0.51%, 54, 0, 15, 262.94
1515617321, 1, 364, 467, 361, 0, 0.51%, 54, 0, 15, 264.71
1515617500, 1, 372, 467, 360, 0, 0.51%, 54, 0, 15, 259.64
1515617622, 1, 372, 470, 363, 0, 0.51%, 54, 0, 15, 254.26
1515617627, 1, 372, 472, 365, 0, 0.51%, 54, 0, 15, 255.11
1515617637, 1, 372, 473, 366, 0, 0.51%, 54, 0, 15, 253.61
1515617662, 1, 372, 474, 367, 0, 0.51%, 54, 0, 15, 254.40
1515617693, 1, 375, 475, 367, 0, 0.51%, 54, 0, 15, 262.34
1515617770, 1, 382, 475, 366, 0, 0.51%, 54, 0, 15, 268.04
1515617974, 1, 383, 475, 365, 0, 0.51%, 54, 0, 15, 256.16
1515618173, 1, 386, 475, 364, 0, 0.51%, 54, 0, 15, 241.99
1515618357, 1, 397, 477, 365, 0, 0.51%, 54, 0, 15, 261.27
1515618566, 1, 397, 478, 366, 0, 0.51%, 54, 0, 15, 270.46
1515618576, 1, 397, 479, 367, 0, 0.51%, 54, 0, 15, 258.94
1515618581, 1, 397, 480, 368, 0, 0.51%, 54, 0, 15, 257.66
1515618591, 1, 397, 481, 369, 0, 0.51%, 54, 0, 15, 255.98
1515618632, 1, 397, 482, 370, 0, 0.51%, 54, 0, 15, 258.88
1515618647, 1, 398, 482, 369, 0, 0.51%, 54, 0, 15, 268.21
1515618794, 1, 403, 482, 368, 0, 0.51%, 54, 0, 15, 262.81
1515619044, 1, 403, 483, 369, 0, 0.51%, 54, 0, 15, 252.02
1515619049, 1, 403, 484, 370, 0, 0.51%, 54, 0, 15, 251.10
1515619095, 1, 404, 485, 370, 0, 0.51%, 54, 0, 15, 261.66
1515619100, 1, 404, 486, 371, 0, 0.51%, 54, 0, 15, 266.84
1515619327, 1, 404, 487, 372, 0, 0.51%, 54, 0, 15, 261.45
1515619337, 1, 404, 489, 374, 0, 0.51%, 54, 0, 15, 252.16
1515619347, 1, 404, 490, 375, 0, 0.51%, 54, 0, 15, 251.27
1515619367, 1, 404, 492, 377, 0, 0.51%, 54, 0, 15, 251.49
1515619378, 1, 404, 493, 378, 0, 0.51%, 54, 0, 15, 251.39
1515619388, 1, 404, 495, 380, 0, 0.51%, 54, 0, 15, 250.62
1515619393, 1, 404, 496, 381, 0, 0.51%, 54, 0, 15, 252.07
1515619403, 1, 411, 496, 380, 0, 0.51%, 54, 0, 15, 263.56
1515619485, 1, 411, 500, 384, 0, 0.51%, 54, 0, 15, 259.45
1515619511, 1, 411, 501, 385, 0, 0.51%, 54, 0, 15, 260.70
1515619552, 1, 419, 501, 384, 0, 0.51%, 54, 0, 15, 261.52
1515619751, 1, 419, 502, 385, 0, 0.51%, 54, 0, 15, 255.49
1515619786, 1, 421, 502, 384, 0, 0.51%, 54, 0, 15, 262.29
1515619792, 1, 421, 503, 385, 0, 0.51%, 54, 0, 15, 267.58
1515619802, 1, 421, 504, 386, 0, 0.51%, 54, 0, 15, 269.14
1515619956, 1, 421, 505, 387, 0, 0.51%, 54, 0, 15, 254.87
1515620021, 1, 423, 505, 386, 0, 0.51%, 54, 0, 15, 262.79
1515620027, 1, 423, 507, 388, 0, 0.51%, 54, 0, 15, 268.44
1515620196, 1, 423, 508, 389, 0, 0.51%, 54, 0, 15, 254.29
1515620201, 1, 423, 509, 390, 0, 0.51%, 54, 0, 15, 254.74
1515620206, 1, 423, 510, 391, 0, 0.51%, 54, 0, 15, 256.51
1515620262, 1, 424, 511, 391, 0, 0.51%, 54, 0, 15, 263.90
1515620467, 1, 427, 511, 390, 0, 0.51%, 54, 0, 15, 254.25
1515620569, 1, 427, 512, 391, 0, 0.51%, 54, 0, 15, 262.24
1515620625, 1, 435, 512, 390, 0, 0.51%, 54, 0, 15, 263.00
1515620630, 1, 435, 513, 391, 0, 0.51%, 54, 0, 15, 265.86
1515620775, 1, 435, 516, 394, 0, 0.51%, 54, 0, 15, 258.67
1515620780, 1, 435, 520, 398, 0, 0.51%, 54, 0, 15, 257.99
1515620785, 1, 435, 523, 401, 0, 0.51%, 54, 0, 15, 258.63
1515620805, 1, 435, 524, 402, 0, 0.51%, 54, 0, 15, 258.43
1515620871, 1, 437, 524, 401, 0, 0.51%, 54, 0, 15, 259.88
1515621087, 1, 437, 525, 402, 0, 0.51%, 54, 0, 15, 259.09
1515621123, 1, 437, 526, 403, 0, 0.51%, 54, 0, 15, 248.70
1515621128, 1, 437, 527, 404, 0, 0.51%, 54, 0, 15, 248.35
1515621133, 1, 437, 529, 406, 0, 0.51%, 54, 0, 15, 250.12
1515621164, 1, 443, 529, 405, 0, 0.51%, 54, 0, 15, 259.89
1515621359, 1, 450, 529, 404, 0, 0.51%, 54, 0, 15, 257.54
1515621598, 1, 450, 530, 405, 0, 0.51%, 54, 0, 15, 249.99
1515621613, 1, 450, 531, 406, 0, 0.51%, 54, 0, 15, 248.59
1515621628, 1, 450, 532, 407, 0, 0.51%, 54, 0, 15, 248.83
1515621669, 1, 461, 532, 406, 0, 0.51%, 54, 0, 15, 260.79
1515621889, 1, 464, 532, 405, 0, 0.51%, 54, 0, 15, 258.93
1515622063, 1, 466, 532, 404, 0, 0.51%, 54, 0, 15, 266.11
1515622314, 1, 466, 533, 405, 0, 0.51%, 54, 0, 15, 253.32
1515622325, 1, 466, 534, 406, 0, 0.51%, 54, 0, 15, 250.71
1515622360, 1, 479, 535, 406, 0, 0.51%, 54, 0, 15, 260.66
1515622736, 1, 480, 535, 405, 0, 0.51%, 54, 0, 15, 266.19
1515622852, 1, 480, 536, 406, 0, 0.51%, 54, 0, 15, 256.93
1515622868, 1, 490, 536, 405, 0, 0.51%, 54, 0, 15, 257.88
1515623030, 1, 490, 537, 406, 0, 0.51%, 54, 0, 15, 252.27
1515623106, 1, 493, 537, 405, 0, 0.51%, 54, 0, 15, 259.82
1515623111, 1, 493, 538, 406, 0, 0.51%, 54, 0, 15, 266.53
1515623348, 1, 493, 539, 407, 0, 0.51%, 54, 0, 15, 251.44
1515623393, 1, 493, 540, 408, 0, 0.51%, 54, 0, 15, 251.12
1515623408, 1, 493, 541, 409, 0, 0.51%, 54, 0, 15, 251.19
1515623414, 1, 496, 541, 408, 0, 0.51%, 54, 0, 15, 258.90
1515623491, 1, 499, 541, 407, 0, 0.51%, 54, 0, 15, 259.56
1515623730, 1, 499, 542, 408, 0, 0.51%, 54, 0, 15, 246.58
1515623745, 1, 499, 543, 409, 0, 0.51%, 54, 0, 15, 247.28
1515623827, 1, 507, 543, 408, 0, 0.51%, 54, 0, 15, 250.19
1515624026, 1, 510, 543, 407, 0, 0.51%, 54, 0, 15, 261.41
1515624261, 1, 510, 544, 408, 0, 0.51%, 54, 0, 15, 243.27
1515624297, 1, 510, 545, 409, 0, 0.51%, 54, 0, 15, 241.93
1515624333, 1, 512, 545, 408, 0, 0.51%, 54, 0, 15, 245.62
1515624523, 1, 513, 545, 407, 0, 0.51%, 54, 0, 15, 260.56
1515624732, 1, 513, 546, 408, 0, 0.51%, 54, 0, 15, 259.47
1515624737, 1, 513, 547, 409, 0, 0.51%, 54, 0, 15, 257.10
1515624747, 1, 513, 548, 410, 0, 0.51%, 54, 0, 15, 255.47
1515624778, 1, 513, 549, 411, 0, 0.51%, 54, 0, 15, 254.04
1515624854, 1, 513, 550, 412, 0, 0.51%, 54, 0, 15, 255.30
1515624864, 1, 519, 550, 411, 0, 0.51%, 54, 0, 15, 258.64
1515625091, 1, 519, 553, 414, 0, 0.51%, 54, 0, 15, 252.05
1515625097, 1, 519, 554, 415, 0, 0.51%, 54, 0, 15, 249.24
1515625112, 1, 519, 555, 416, 0, 0.51%, 54, 0, 15, 251.50
1515625117, 1, 519, 556, 417, 0, 0.51%, 54, 0, 15, 251.19
1515625132, 1, 519, 557, 418, 0, 0.51%, 54, 0, 15, 252.02
1515625152, 1, 519, 558, 419, 0, 0.51%, 54, 0, 15, 252.77
1515625193, 1, 519, 559, 420, 0, 0.51%, 54, 0, 15, 252.01
1515625218, 1, 521, 559, 419, 0, 0.51%, 54, 0, 15, 263.44
1515625388, 1, 521, 560, 420, 0, 0.51%, 54, 0, 15, 263.85
1515625454, 1, 522, 560, 419, 0, 0.51%, 54, 0, 15, 265.12
1515625685, 1, 527, 560, 418, 0, 0.51%, 54, 0, 15, 255.99
1515625994, 1, 528, 560, 417, 0, 0.51%, 54, 0, 15, 250.82
1515626458, 1, 528, 561, 418, 0, 0.51%, 54, 0, 15, 240.64
1515626479, 1, 528, 562, 419, 0, 0.51%, 54, 0, 15, 238.82
1515626556, 1, 538, 563, 419, 0, 0.51%, 54, 0, 15, 256.70
1515626735, 1, 538, 564, 420, 0, 0.51%, 54, 0, 15, 266.44
1515626801, 1, 539, 564, 419, 0, 0.51%, 54, 0, 15, 254.41
1515627036, 1, 539, 564, 419, 0, 0.51%, 55, 0, 15, 251.17
1515627062, 1, 542, 564, 418, 0, 0.51%, 55, 0, 15, 243.92
1515627399, 1, 542, 565, 419, 0, 0.51%, 55, 0, 15, 229.80
1515627465, 1, 542, 567, 421, 0, 0.51%, 55, 0, 15, 231.12
1515627495, 1, 542, 569, 423, 0, 0.51%, 55, 0, 15, 227.25
1515627520, 1, 542, 570, 424, 0, 0.51%, 55, 0, 15, 228.07
1515627546, 1, 543, 570, 423, 0, 0.51%, 55, 0, 15, 252.38
1515627745, 1, 543, 571, 424, 0, 0.51%, 55, 0, 15, 255.54
1515627811, 1, 547, 571, 423, 0, 0.51%, 55, 0, 15, 258.59
1515628084, 1, 548, 571, 422, 0, 0.51%, 55, 0, 15, 252.52
1515628476, 1, 548, 573, 424, 0, 0.51%, 55, 0, 16, 246.26
1515628487, 1, 548, 574, 425, 0, 0.51%, 55, 0, 16, 241.20
1515628512, 1, 548, 575, 426, 0, 0.51%, 55, 0, 16, 240.74
1515628517, 1, 548, 577, 428, 0, 0.51%, 55, 0, 16, 240.44
1515628543, 1, 548, 578, 429, 0, 0.51%, 55, 0, 16, 239.51
1515628579, 1, 550, 578, 428, 0, 0.51%, 55, 0, 16, 252.17
1515628871, 1, 550, 580, 430, 0, 0.51%, 55, 0, 16, 254.25
1515628876, 1, 550, 582, 432, 0, 0.51%, 55, 0, 16, 247.86
1515628881, 1, 550, 584, 434, 0, 0.51%, 55, 0, 16, 246.48
1515628891, 1, 550, 585, 435, 0, 0.51%, 55, 0, 16, 246.71
1515628901, 1, 550, 586, 436, 0, 0.51%, 55, 0, 16, 246.19
1515628916, 1, 550, 587, 437, 0, 0.51%, 55, 0, 16, 245.61
1515628992, 1, 550, 588, 438, 0, 0.51%, 55, 0, 16, 245.02
1515629003, 1, 551, 588, 437, 0, 0.51%, 55, 0, 16, 247.47
1515629369, 1, 551, 589, 438, 0, 0.51%, 55, 0, 16, 240.70
1515629374, 1, 551, 590, 439, 0, 0.51%, 55, 0, 16, 239.83
1515629384, 1, 551, 591, 440, 0, 0.51%, 55, 0, 16, 242.53
1515629461, 1, 551, 592, 441, 0, 0.51%, 55, 0, 16, 241.46
1515629491, 1, 554, 592, 440, 0, 0.51%, 55, 0, 16, 244.48
1515629918, 1, 554, 593, 441, 0, 0.51%, 55, 0, 16, 237.27
1515629939, 1, 554, 594, 442, 0, 0.51%, 55, 0, 16, 236.48
1515629949, 1, 554, 595, 443, 0, 0.51%, 55, 0, 16, 238.37
1515630016, 1, 554, 596, 444, 0, 0.51%, 55, 0, 16, 236.47
1515630052, 1, 555, 596, 443, 0, 0.51%, 55, 0, 16, 251.88
1515630280, 1, 555, 597, 444, 0, 0.51%, 55, 0, 16, 252.79
1515630336, 1, 562, 597, 443, 0, 0.51%, 55, 0, 16, 261.42
1515630601, 1, 573, 597, 442, 0, 0.51%, 55, 0, 16, 244.41
1515631272, 1, 575, 597, 441, 0, 0.51%, 55, 0, 16, 244.11
1515631706, 1, 575, 598, 442, 0, 0.51%, 55, 0, 17, 238.92
1515631737, 1, 577, 599, 442, 0, 0.51%, 55, 0, 17, 245.65
1515632179, 1, 583, 599, 441, 0, 0.51%, 55, 0, 17, 248.36
1515632472, 1, 583, 600, 442, 0, 0.51%, 55, 0, 17, 251.14
1515632508, 1, 583, 601, 443, 0, 0.51%, 55, 0, 17, 246.87
1515632599, 1, 583, 601, 443, 0, 0.51%, 56, 0, 17, 246.75
1515632604, 1, 587, 601, 442, 0, 0.51%, 56, 0, 17, 245.40
1515633152, 1, 587, 602, 443, 0, 0.51%, 56, 0, 17, 223.16
1515633208, 1, 587, 603, 444, 0, 0.51%, 56, 0, 17, 228.32
1515633238, 1, 587, 604, 445, 0, 0.51%, 56, 0, 17, 228.68
1515633299, 1, 594, 604, 444, 0, 0.51%, 56, 0, 17, 230.97
1515633881, 1, 594, 605, 445, 0, 0.51%, 56, 0, 17, 224.93
1515633911, 1, 594, 607, 447, 0, 0.51%, 56, 0, 17, 224.83
1515633927, 1, 594, 608, 448, 0, 0.51%, 56, 0, 17, 225.79
1515634003, 1, 598, 608, 447, 0, 0.51%, 56, 0, 17, 235.73
1515634442, 1, 604, 608, 446, 0, 0.51%, 56, 0, 17, 233.61
1515634886, 1, 604, 609, 447, 0, 0.51%, 56, 0, 18, 229.82
1515634896, 1, 604, 610, 448, 0, 0.51%, 56, 0, 18, 231.52
1515635000, 1, 604, 611, 449, 0, 0.51%, 56, 0, 18, 226.05
1515635040, 1, 604, 612, 450, 0, 0.51%, 56, 0, 18, 225.33
1515635116, 1, 604, 613, 451, 0, 0.51%, 56, 0, 18, 225.73
1515635141, 1, 606, 613, 450, 0, 0.51%, 56, 0, 18, 245.01
1515635456, 1, 612, 613, 449, 0, 0.51%, 56, 0, 18, 239.66
1515635461, 1, 612, 614, 450, 0, 0.51%, 56, 0, 19, 220.97
1515635578, 1, 612, 615, 451, 0, 0.51%, 56, 0, 19, 189.23
1515636190, 1, 613, 615, 450, 0, 0.51%, 56, 0, 19, 217.06
1515636919, 2, 11, 615, 449, 0, 0.51%, 56, 0, 19, 276.26
1515636929, 2, 16, 615, 448, 0, 0.51%, 56, 0, 19, 287.54
1515636955, 2, 17, 615, 447, 0, 0.51%, 56, 0, 19, 275.90
1515636980, 2, 21, 615, 446, 0, 0.51%, 56, 0, 19, 276.47
1515637016, 2, 24, 615, 445, 0, 0.51%, 56, 0, 19, 268.60
1515637056, 2, 27, 615, 444, 0, 0.51%, 56, 0, 19, 277.27
1515637077, 2, 38, 615, 443, 0, 0.51%, 56, 0, 19, 271.16
1515637092, 2, 39, 615, 442, 0, 0.51%, 56, 0, 19, 272.69
1515637148, 2, 46, 615, 441, 0, 0.51%, 56, 0, 19, 270.92
1515637159, 2, 50, 615, 440, 0, 0.51%, 56, 0, 19, 273.18
1515637174, 2, 55, 615, 439, 0, 0.51%, 56, 0, 19, 255.59
1515637235, 2, 55, 616, 440, 0, 0.51%, 56, 0, 19, 255.28
1515637240, 2, 56, 616, 439, 0, 0.51%, 56, 0, 19, 267.50
1515637260, 2, 57, 616, 438, 0, 0.51%, 56, 0, 19, 245.15
1515637265, 2, 60, 616, 438, 0, 0.51%, 56, 0, 19, 262.63
1515637290, 2, 61, 616, 437, 0, 0.51%, 56, 0, 19, 270.72
1515637321, 2, 65, 616, 436, 0, 0.51%, 56, 0, 19, 253.55
1515637326, 2, 66, 616, 436, 0, 0.51%, 56, 0, 19, 268.42
1515637362, 2, 68, 616, 435, 0, 0.51%, 56, 0, 19, 268.67
1515637418, 2, 72, 616, 434, 0, 0.51%, 56, 0, 19, 262.12
1515637453, 2, 80, 616, 433, 0, 0.51%, 56, 0, 19, 263.68
1515637499, 2, 84, 616, 432, 0, 0.51%, 56, 0, 19, 266.13
1515637546, 2, 90, 616, 431, 0, 0.51%, 56, 0, 19, 267.06
1515637597, 2, 92, 616, 430, 0, 0.51%, 56, 0, 19, 263.10
1515637653, 2, 94, 616, 429, 0, 0.51%, 56, 0, 19, 246.26
1515637658, 2, 96, 616, 429, 0, 0.51%, 56, 0, 19, 267.09
1515637710, 2, 97, 616, 428, 0, 0.51%, 56, 0, 19, 260.17
1515637766, 2, 102, 616, 427, 0, 0.51%, 56, 0, 19, 265.62
1515637837, 2, 103, 616, 426, 0, 0.51%, 56, 0, 19, 262.15
1515637914, 2, 104, 616, 425, 0, 0.51%, 56, 0, 19, 266.60
1515637955, 2, 106, 616, 424, 0, 0.51%, 56, 0, 19, 257.70
1515638026, 2, 107, 616, 423, 0, 0.51%, 56, 0, 19, 238.94
1515638031, 2, 118, 616, 423, 0, 0.51%, 56, 0, 19, 259.67
1515638067, 2, 124, 616, 422, 0, 0.51%, 56, 0, 19, 266.33
1515638118, 2, 133, 616, 421, 0, 0.51%, 56, 0, 19, 259.90
1515638179, 2, 139, 616, 420, 0, 0.51%, 56, 0, 19, 261.67
1515638241, 2, 140, 616, 419, 0, 0.51%, 56, 0, 19, 260.00
1515638297, 2, 141, 617, 419, 0, 0.51%, 56, 0, 19, 259.65
1515638364, 2, 143, 617, 418, 0, 0.51%, 56, 0, 19, 266.39
1515638419, 2, 143, 618, 419, 0, 0.51%, 56, 0, 19, 260.57
1515638429, 2, 145, 618, 418, 0, 0.51%, 56, 0, 19, 262.55
1515638511, 2, 150, 618, 417, 0, 0.51%, 56, 0, 19, 246.32
1515638516, 2, 152, 618, 417, 0, 0.51%, 56, 0, 19, 247.91
1515638608, 2, 155, 618, 416, 0, 0.51%, 56, 0, 19, 265.39
1515638679, 2, 159, 618, 415, 0, 0.51%, 56, 0, 19, 246.33
1515638685, 2, 160, 618, 415, 0, 0.51%, 56, 0, 19, 267.81
1515638725, 2, 161, 618, 414, 0, 0.51%, 56, 0, 19, 265.00
1515638761, 2, 163, 618, 413, 0, 0.51%, 56, 0, 19, 250.40
1515638766, 2, 165, 618, 413, 0, 0.51%, 56, 0, 19, 268.87
1515638802, 2, 167, 618, 412, 0, 0.51%, 56, 0, 19, 266.14
1515638848, 2, 170, 618, 411, 0, 0.51%, 56, 0, 19, 268.79
1515638904, 2, 177, 618, 410, 0, 0.51%, 56, 0, 19, 269.22
1515638975, 2, 178, 618, 409, 0, 0.51%, 56, 0, 19, 251.94
1515638980, 2, 182, 618, 409, 0, 0.51%, 56, 0, 19, 261.90
1515639072, 2, 187, 618, 408, 0, 0.51%, 56, 0, 19, 243.70
1515639077, 2, 190, 618, 408, 0, 0.51%, 56, 0, 19, 264.01
1515639164, 2, 191, 618, 407, 0, 0.51%, 56, 0, 19, 262.82
1515639261, 2, 195, 618, 406, 0, 0.51%, 56, 0, 19, 260.18
1515639368, 2, 199, 618, 405, 0, 0.51%, 56, 0, 19, 255.71
1515639465, 2, 202, 618, 404, 0, 0.51%, 56, 0, 19, 253.45
1515639515, 2, 204, 618, 403, 0, 0.51%, 56, 0, 19, 254.32
1515639520, 2, 223, 618, 403, 0, 0.51%, 56, 0, 19, 261.62
1515639623, 2, 223, 619, 404, 0, 0.51%, 56, 0, 19, 235.18
1515639648, 2, 226, 619, 403, 0, 0.51%, 56, 0, 19, 241.48
1515639653, 2, 227, 619, 403, 0, 0.51%, 56, 0, 19, 263.87
1515639755, 2, 229, 619, 402, 0, 0.51%, 56, 0, 19, 239.08
1515639760, 2, 230, 619, 402, 0, 0.51%, 56, 0, 19, 241.09
1515639765, 2, 232, 619, 402, 0, 0.51%, 56, 0, 19, 254.79
1515639872, 2, 234, 619, 401, 0, 0.51%, 56, 0, 19, 241.17
1515639877, 2, 239, 619, 401, 0, 0.51%, 56, 0, 19, 255.54
1515639979, 2, 241, 619, 400, 0, 0.51%, 56, 0, 19, 242.65
1515639984, 2, 242, 619, 400, 0, 0.51%, 56, 0, 19, 248.04
1515640066, 2, 244, 619, 399, 0, 0.51%, 56, 0, 19, 262.75
1515640138, 2, 246, 619, 398, 0, 0.51%, 56, 0, 19, 256.46
1515640271, 2, 248, 619, 397, 0, 0.51%, 56, 0, 19, 250.30
1515640363, 2, 251, 619, 396, 0, 0.51%, 56, 0, 19, 260.63
1515640429, 2, 255, 619, 395, 0, 0.51%, 56, 0, 19, 250.67
1515640515, 2, 258, 619, 394, 0, 0.51%, 56, 0, 19, 239.96
1515640521, 2, 260, 619, 394, 0, 0.51%, 56, 0, 19, 241.30
1515640632, 2, 263, 619, 393, 0, 0.51%, 56, 0, 19, 249.44
1515640745, 2, 264, 619, 392, 0, 0.51%, 56, 0, 19, 259.20
1515640842, 2, 265, 619, 391, 0, 0.51%, 56, 0, 19, 262.31
1515640933, 2, 267, 619, 390, 0, 0.51%, 56, 0, 19, 255.01
1515641030, 2, 277, 619, 389, 0, 0.51%, 56, 0, 19, 240.56
1515641036, 2, 278, 619, 389, 0, 0.51%, 56, 0, 19, 245.67
1515641041, 2, 281, 619, 389, 0, 0.51%, 56, 0, 19, 244.44
1515641173, 2, 284, 619, 388, 0, 0.51%, 56, 0, 19, 252.35
1515641265, 2, 288, 619, 387, 0, 0.51%, 56, 0, 19, 237.63
1515641270, 2, 290, 619, 387, 0, 0.51%, 56, 0, 19, 237.18
1515641275, 2, 297, 619, 387, 0, 0.51%, 56, 0, 19, 262.81
1515641408, 2, 302, 619, 386, 0, 0.51%, 56, 0, 19, 251.50
1515641597, 2, 303, 619, 385, 0, 0.51%, 56, 0, 19, 254.97
1515641740, 2, 305, 619, 384, 0, 0.51%, 56, 0, 19, 254.59
1515641857, 2, 307, 619, 383, 0, 0.51%, 56, 0, 19, 237.68
1515641862, 2, 309, 619, 383, 0, 0.51%, 56, 0, 19, 249.47
1515641985, 2, 312, 619, 382, 0, 0.51%, 56, 0, 19, 241.35
1515641990, 2, 313, 619, 382, 0, 0.51%, 56, 0, 19, 241.62
1515641995, 2, 315, 619, 382, 0, 0.51%, 56, 0, 19, 263.61
1515642118, 2, 322, 619, 381, 0, 0.51%, 56, 0, 19, 232.65
1515642123, 2, 334, 619, 381, 0, 0.51%, 56, 0, 19, 250.64
1515642241, 2, 335, 619, 380, 0, 0.51%, 56, 0, 19, 234.95
1515642247, 2, 336, 619, 380, 0, 0.51%, 56, 0, 19, 259.59
1515642385, 2, 341, 619, 379, 0, 0.51%, 56, 0, 19, 261.01
1515642524, 2, 344, 619, 378, 0, 0.51%, 56, 0, 19, 245.66
1515642662, 2, 346, 619, 377, 0, 0.51%, 56, 0, 19, 241.92
1515642667, 2, 352, 619, 377, 0, 0.51%, 56, 0, 19, 245.90
1515642672, 2, 358, 619, 377, 0, 0.51%, 56, 0, 19, 264.81
1515642805, 2, 366, 619, 376, 0, 0.51%, 56, 0, 19, 236.84
1515643062, 2, 366, 620, 377, 0, 0.51%, 56, 0, 19, 220.93
1515643093, 2, 367, 620, 376, 0, 0.51%, 56, 0, 19, 239.97
1515643327, 2, 374, 620, 375, 0, 0.51%, 56, 0, 19, 245.21
1515643419, 2, 378, 620, 374, 0, 0.51%, 56, 0, 19, 247.20
1515643553, 2, 390, 620, 373, 0, 0.51%, 56, 0, 19, 236.01
1515643779, 2, 391, 620, 372, 0, 0.51%, 56, 0, 19, 234.94
1515643948, 2, 394, 620, 371, 0, 0.51%, 56, 0, 19, 251.54
1515644066, 2, 405, 620, 370, 0, 0.51%, 56, 0, 19, 249.29
1515644234, 2, 408, 620, 369, 0, 0.51%, 56, 0, 19, 246.25
1515644367, 2, 410, 620, 368, 0, 0.51%, 56, 0, 19, 246.41
1515644555, 2, 412, 620, 367, 0, 0.51%, 56, 0, 19, 240.65
1515644739, 2, 416, 620, 366, 0, 0.51%, 56, 0, 19, 249.00
1515645074, 2, 416, 621, 367, 0, 0.51%, 56, 0, 19, 239.19
1515645151, 2, 418, 621, 366, 0, 0.51%, 56, 0, 19, 249.68
1515645407, 2, 420, 621, 365, 0, 0.51%, 56, 0, 19, 240.44
1515645582, 2, 433, 621, 364, 0, 0.51%, 56, 0, 19, 251.03
1515645836, 2, 445, 621, 363, 0, 0.51%, 56, 0, 19, 244.21
1515646041, 2, 446, 621, 362, 0, 0.51%, 56, 0, 19, 242.25
1515646261, 2, 448, 621, 361, 0, 0.51%, 56, 0, 19, 252.30
1515646559, 2, 456, 621, 360, 0, 0.51%, 56, 0, 19, 259.97
1515646796, 2, 460, 621, 359, 0, 0.51%, 56, 0, 19, 260.62
1515646914, 2, 460, 622, 360, 0, 0.51%, 56, 0, 19, 262.37
1515646919, 2, 460, 624, 362, 0, 0.51%, 56, 0, 19, 240.41
1515646924, 2, 460, 625, 363, 0, 0.51%, 56, 0, 19, 241.49
1515646965, 2, 460, 626, 364, 0, 0.51%, 56, 0, 19, 242.47
1515646991, 2, 460, 627, 365, 0, 0.51%, 56, 0, 19, 242.09
1515647052, 2, 462, 627, 364, 0, 0.51%, 56, 0, 19, 260.98
1515647267, 2, 463, 627, 363, 0, 0.51%, 56, 0, 19, 262.05
1515647564, 2, 463, 632, 368, 0, 0.51%, 56, 0, 19, 238.67
1515647641, 2, 463, 633, 369, 0, 0.51%, 56, 0, 19, 236.01
1515647646, 2, 463, 634, 370, 0, 0.51%, 56, 0, 19, 234.37
1515647667, 2, 474, 634, 369, 0, 0.51%, 56, 0, 19, 241.22
1515647951, 2, 474, 636, 371, 0, 0.51%, 56, 0, 19, 230.13
1515647956, 2, 474, 637, 372, 0, 0.51%, 56, 0, 19, 228.28
1515647987, 2, 474, 638, 373, 0, 0.51%, 56, 0, 19, 227.66
1515648023, 2, 474, 639, 374, 0, 0.51%, 56, 0, 19, 229.38
1515648033, 2, 488, 639, 373, 0, 0.51%, 56, 0, 19, 256.05
1515648320, 2, 493, 639, 372, 0, 0.51%, 56, 0, 19, 238.70
1515648325, 2, 503, 639, 372, 0, 0.51%, 56, 0, 19, 250.93
1515648546, 2, 511, 639, 371, 0, 0.51%, 56, 0, 19, 243.72
1515648678, 2, 511, 640, 372, 0, 0.51%, 56, 0, 19, 238.87
1515648750, 2, 514, 640, 371, 0, 0.51%, 56, 0, 19, 249.86
1515648935, 2, 523, 640, 370, 0, 0.51%, 56, 0, 19, 242.42
1515649301, 2, 537, 640, 369, 0, 0.51%, 56, 0, 19, 231.53
1515649573, 2, 537, 641, 370, 0, 0.51%, 56, 0, 19, 234.39
1515649644, 2, 541, 641, 369, 0, 0.51%, 56, 0, 19, 243.69
1515650006, 2, 541, 643, 371, 0, 0.51%, 56, 0, 19, 234.35
1515650011, 2, 541, 644, 372, 0, 0.51%, 56, 0, 19, 224.65
1515650057, 2, 541, 645, 373, 0, 0.51%, 56, 0, 19, 223.69
1515650088, 2, 549, 645, 372, 0, 0.51%, 56, 0, 19, 247.91
1515650376, 2, 560, 645, 371, 0, 0.51%, 56, 0, 19, 236.03
1515650938, 2, 581, 645, 370, 0, 0.51%, 56, 0, 19, 232.90
1515651488, 2, 590, 645, 369, 0, 0.51%, 56, 0, 19, 231.23
1515651973, 2, 590, 646, 370, 0, 0.51%, 56, 0, 19, 219.67
1515652029, 2, 596, 646, 369, 0, 0.51%, 56, 0, 19, 247.33
1515652303, 2, 601, 646, 368, 0, 0.51%, 56, 0, 19, 235.88
1515652808, 2, 601, 647, 369, 0, 0.51%, 56, 0, 19, 224.03
1515652879, 2, 602, 647, 368, 0, 0.51%, 56, 0, 19, 224.68
1515653543, 2, 603, 647, 367, 0, 0.51%, 56, 0, 19, 226.59
1515654214, 2, 610, 647, 366, 0, 0.51%, 56, 0, 19, 228.05
1515654719, 2, 610, 648, 367, 0, 0.51%, 56, 0, 19, 221.88
1515654739, 2, 610, 649, 368, 0, 0.51%, 56, 0, 19, 222.52
1515654861, 2, 612, 649, 367, 0, 0.51%, 56, 0, 19, 214.90
1515654866, 2, 613, 649, 367, 0, 0.51%, 56, 0, 19, 213.05
1515654871, 2, 619, 649, 367, 0, 0.51%, 56, 0, 19, 207.20
1515654989, 2, 619, 650, 368, 0, 0.51%, 56, 0, 19, 176.53
1515656619, 2, 619, 652, 370, 0, 0.51%, 56, 0, 19, 178.25
1515656625, 2, 619, 653, 371, 0, 0.51%, 56, 0, 19, 179.51
1515656630, 2, 619, 655, 373, 0, 0.51%, 56, 0, 19, 182.37
1515656645, 2, 619, 656, 374, 0, 0.51%, 56, 0, 19, 181.81
1515656666, 2, 619, 657, 375, 0, 0.51%, 56, 0, 19, 183.68
1515656717, 2, 622, 657, 374, 0, 0.51%, 56, 0, 19, 197.03
1515657221, 2, 622, 658, 375, 0, 0.51%, 56, 0, 19, 235.00
1515657236, 2, 631, 658, 374, 0, 0.51%, 56, 0, 19, 241.86
1515658235, 2, 631, 659, 375, 0, 0.51%, 56, 0, 19, 233.93
1515658240, 2, 631, 660, 376, 0, 0.51%, 56, 0, 19, 229.18
1515658250, 2, 631, 661, 377, 0, 0.51%, 56, 0, 19, 229.02
1515658341, 2, 637, 662, 377, 0, 0.51%, 56, 0, 19, 217.52
1515659416, 2, 637, 663, 378, 0, 0.51%, 56, 0, 19, 194.67
1515659426, 2, 637, 664, 379, 0, 0.51%, 56, 0, 19, 199.30
1515659509, 2, 642, 664, 378, 0, 0.51%, 56, 0, 19, 215.01
1515660373, 2, 642, 665, 379, 0, 0.51%, 56, 0, 19, 213.19
1515660389, 2, 642, 666, 380, 0, 0.51%, 56, 0, 19, 209.75
1515660404, 2, 642, 667, 381, 0, 0.51%, 56, 0, 19, 210.77
1515660485, 2, 643, 667, 380, 0, 0.51%, 56, 0, 19, 213.38
1515661127, 2, 644, 667, 379, 0, 0.51%, 56, 0, 19, 212.46
1515662600, 2, 645, 667, 378, 0, 0.51%, 56, 0, 19, 161.25
1515666872, 2, 645, 668, 379, 0, 0.51%, 56, 0, 19, 141.55
1515666882, 2, 645, 669, 380, 0, 0.51%, 56, 0, 19, 146.61
1515666893, 2, 645, 670, 381, 0, 0.51%, 56, 0, 19, 144.65
1515666934, 2, 645, 671, 382, 0, 0.51%, 56, 0, 19, 143.02
1515667037, 2, 648, 672, 382, 0, 0.51%, 56, 0, 19, 170.26
1515667042, 2, 648, 673, 383, 0, 0.51%, 56, 0, 20, 181.51
1515668425, 2, 648, 674, 384, 0, 0.51%, 56, 0, 20, 188.66
1515668487, 2, 650, 674, 383, 0, 0.51%, 56, 0, 20, 176.10
1515670348, 2, 652, 674, 382, 0, 0.51%, 56, 0, 20, 167.56
1515678433, 2, 656, 674, 381, 0, 0.51%, 56, 0, 20, 129.69
1515681290, 2, 660, 674, 380, 0, 0.51%, 56, 0, 20, 210.20
1515683878, 2, 660, 675, 381, 0, 0.51%, 56, 0, 20, 226.20
1515684627, 2, 660, 677, 383, 0, 0.51%, 56, 0, 20, 203.10
1515684668, 2, 660, 678, 384, 0, 0.51%, 56, 0, 20, 199.58
1515684719, 2, 664, 678, 383, 0, 0.51%, 56, 0, 20, 189.53
1515688594, 2, 668, 678, 382, 0, 0.51%, 56, 0, 20, 131.37
1515688605, 2, 668, 679, 383, 0, 0.51%, 56, 0, 20, 125.36
1515692401, 2, 668, 680, 384, 0, 0.51%, 56, 0, 20, 142.91
1515692473, 2, 670, 680, 383, 0, 0.51%, 56, 0, 20, 133.81
1515692478, 2, 670, 682, 385, 0, 0.51%, 56, 0, 20, 131.73
1515692620, 2, 670, 683, 386, 0, 0.51%, 56, 0, 20, 129.96
1515695436, 2, 670, 684, 387, 0, 0.51%, 56, 0, 20, 131.56
1515696324, 2, 671, 684, 386, 0, 0.51%, 56, 0, 20, 94.05
1515710455, 2, 671, 685, 387, 0, 0.51%, 56, 0, 20, 86.88
1515710537, 2, 674, 685, 386, 0, 0.51%, 56, 0, 20, 116.23
1515713483, 2, 676, 685, 385, 0, 0.51%, 56, 0, 20, 195.03
1515713494, 2, 676, 686, 386, 0, 0.51%, 56, 0, 20, 181.15
1515726339, 2, 676, 687, 387, 0, 0.51%, 56, 0, 20, 167.93
1515726395, 2, 677, 687, 386, 0, 0.51%, 56, 0, 20, 168.53
1515729925, 2, 677, 689, 388, 0, 0.51%, 56, 0, 20, 204.02
1515729986, 2, 679, 689, 387, 0, 0.51%, 56, 0, 20, 191.65
1515743373, 2, 679, 690, 388, 0, 0.51%, 56, 0, 20, 82.61
1515743455, 2, 682, 690, 387, 0, 0.51%, 56, 0, 20, 121.03
