# unix_time, cycles_done, cur_path, paths_total, pending_total, pending_favs, map_size, unique_crashes, unique_hangs, max_depth, execs_per_sec
1515602557, 0, 0, 5, 5, 5, 0.09%, 0, 0, 1, 588.24
1515602562, 0, 0, 23, 23, 5, 0.44%, 7, 0, 2, 644.46
1515602568, 0, 0, 29, 29, 5, 0.44%, 7, 0, 2, 680.27
1515602573, 0, 0, 32, 32, 5, 0.44%, 7, 0, 2, 712.69
1515602578, 0, 0, 32, 32, 5, 0.44%, 8, 0, 2, 711.62
1515602583, 0, 0, 33, 33, 5, 0.44%, 8, 0, 2, 723.54
1515602588, 0, 0, 34, 34, 5, 0.44%, 8, 0, 2, 720.02
1515602593, 0, 0, 35, 35, 5, 0.44%, 8, 0, 2, 693.30
1515602608, 0, 1, 36, 35, 11, 0.44%, 9, 0, 2, 716.02
1515602613, 0, 3, 37, 34, 9, 0.44%, 9, 0, 2, 721.14
1515602618, 0, 4, 38, 34, 8, 0.44%, 11, 0, 2, 723.20
1515602623, 0, 7, 39, 34, 7, 0.44%, 11, 0, 2, 715.17
1515602628, 0, 8, 39, 33, 6, 0.44%, 11, 0, 2, 662.15
1515602634, 0, 9, 39, 32, 5, 0.44%, 11, 0, 2, 681.08
1515602639, 0, 11, 39, 31, 4, 0.44%, 11, 0, 2, 637.10
1515602649, 0, 12, 39, 30, 3, 0.44%, 11, 0, 2, 632.90
1515602659, 0, 21, 39, 28, 1, 0.44%, 11, 0, 2, 714.14
1515602669, 1, 5, 40, 28, 0, 0.44%, 12, 0, 2, 751.13
1515602674, 1, 18, 40, 27, 0, 0.44%, 12, 0, 2, 689.76
1515602695, 1, 18, 41, 28, 0, 0.44%, 12, 0, 3, 604.11
1515602700, 1, 24, 41, 27, 0, 0.44%, 12, 0, 3, 623.81
1515602720, 1, 24, 42, 28, 0, 0.44%, 12, 0, 3, 632.93
1515602725, 1, 24, 43, 29, 0, 0.44%, 12, 0, 3, 621.95
1515602730, 1, 26, 43, 28, 0, 0.44%, 12, 0, 3, 477.37
1515602745, 1, 31, 43, 27, 0, 0.44%, 12, 0, 3, 533.39
1515602750, 1, 37, 43, 26, 0, 0.44%, 12, 0, 3, 680.12
1515602755, 1, 37, 47, 30, 0, 0.44%, 12, 0, 3, 684.28
1515602761, 1, 37, 48, 31, 0, 0.44%, 12, 0, 3, 709.32
1515602766, 1, 37, 51, 34, 0, 0.44%, 13, 0, 3, 724.99
1515602771, 1, 37, 52, 35, 0, 0.44%, 14, 0, 3, 737.47
1515602776, 1, 37, 56, 39, 0, 0.44%, 14, 0, 3, 707.55
1515602796, 1, 37, 58, 41, 0, 0.44%, 14, 0, 3, 676.99
1515602806, 1, 50, 64, 46, 3, 0.46%, 14, 0, 4, 669.95
1515602811, 1, 50, 65, 47, 3, 0.46%, 14, 0, 4, 673.40
1515602816, 1, 50, 74, 56, 3, 0.47%, 14, 0, 4, 665.41
1515602822, 1, 50, 76, 58, 3, 0.47%, 14, 0, 4, 655.90
1515602827, 1, 50, 76, 58, 3, 0.47%, 15, 0, 4, 662.46
1515602832, 1, 50, 77, 59, 3, 0.47%, 15, 0, 4, 643.25
1515602842, 1, 50, 79, 61, 3, 0.48%, 15, 0, 4, 695.75
1515602847, 1, 50, 80, 62, 3, 0.48%, 16, 0, 4, 653.90
1515602857, 1, 50, 81, 63, 3, 0.49%, 16, 0, 4, 683.94
1515602862, 1, 53, 83, 64, 10, 0.49%, 16, 0, 4, 699.10
1515602867, 1, 53, 84, 65, 10, 0.49%, 16, 0, 4, 704.09
1515602872, 1, 61, 84, 64, 9, 0.49%, 17, 0, 4, 706.15
1515602878, 1, 61, 86, 66, 9, 0.49%, 17, 0, 5, 650.52
1515602893, 1, 62, 87, 66, 10, 0.49%, 18, 0, 5, 645.94
1515602903, 1, 62, 93, 72, 10, 0.50%, 19, 0, 5, 676.11
1515602908, 1, 62, 93, 72, 10, 0.50%, 20, 0, 5, 660.84
1515602913, 1, 62, 96, 75, 10, 0.50%, 20, 0, 5, 634.01
1515602918, 1, 62, 97, 76, 10, 0.50%, 20, 0, 5, 650.77
1515602923, 1, 62, 99, 78, 10, 0.50%, 20, 0, 5, 661.63
1515602943, 1, 62, 100, 79, 10, 0.50%, 20, 0, 5, 515.26
