# unix_time, cycles_done, cur_path, paths_total, pending_total, pending_favs, map_size, unique_crashes, unique_hangs, max_depth, execs_per_sec
1515496471, 0, 0, 5, 5, 5, 0.09%, 0, 0, 1, 3333.33
1515496476, 0, 0, 37, 37, 5, 0.40%, 0, 0, 2, 3863.05
1515496481, 0, 2, 40, 38, 9, 0.40%, 0, 0, 2, 3355.82
1515496486, 0, 10, 43, 36, 6, 0.40%, 0, 0, 3, 3121.71
1515496491, 0, 31, 51, 42, 6, 0.42%, 0, 0, 3, 3016.57
1515496496, 0, 31, 55, 46, 6, 0.42%, 0, 0, 3, 3116.38
1515496501, 0, 35, 57, 46, 9, 0.42%, 0, 0, 3, 3088.71
1515496506, 0, 40, 74, 62, 9, 0.44%, 0, 0, 3, 3270.02
1515496512, 0, 40, 81, 69, 9, 0.45%, 0, 0, 3, 3470.87
1515496517, 0, 42, 89, 75, 13, 0.46%, 0, 0, 4, 3497.46
1515496522, 0, 42, 91, 77, 13, 0.46%, 0, 0, 4, 3148.41
1515496527, 0, 56, 94, 77, 10, 0.46%, 0, 0, 4, 2904.44
1515496532, 0, 57, 95, 77, 9, 0.46%, 0, 0, 4, 3056.54
1515496537, 0, 64, 96, 76, 7, 0.46%, 0, 0, 4, 2922.56
1515496542, 0, 64, 100, 80, 7, 0.46%, 0, 0, 4, 2839.98
1515496547, 0, 66, 103, 82, 6, 0.46%, 0, 0, 4, 3247.23
1515496552, 0, 76, 114, 92, 6, 0.49%, 0, 0, 4, 2907.61
1515496557, 0, 76, 119, 97, 6, 0.49%, 0, 0, 4, 2938.40
1515496562, 0, 76, 121, 99, 6, 0.50%, 0, 0, 4, 2930.15
1515496567, 0, 78, 125, 102, 11, 0.50%, 0, 0, 4, 2676.91
1515496573, 0, 78, 127, 104, 11, 0.50%, 0, 0, 4, 3105.62
1515496578, 0, 82, 127, 103, 12, 0.50%, 0, 0, 4, 3288.26
1515496583, 0, 83, 129, 104, 11, 0.50%, 0, 0, 4, 3029.59
1515496588, 0, 97, 137, 111, 10, 0.50%, 0, 0, 5, 3023.24
1515496593, 0, 97, 138, 112, 10, 0.50%, 0, 0, 5, 2995.94
1515496598, 0, 101, 140, 113, 10, 0.50%, 0, 0, 5, 2845.73
1515496603, 0, 101, 142, 115, 10, 0.50%, 0, 0, 5, 2896.57
1515496608, 0, 105, 143, 115, 10, 0.50%, 0, 0, 5, 3073.45
1515496613, 0, 107, 150, 121, 9, 0.51%, 0, 0, 5, 3054.09
1515496618, 0, 107, 158, 129, 9, 0.52%, 0, 0, 5, 2907.82
1515496623, 0, 110, 160, 130, 13, 0.53%, 0, 0, 5, 3108.59
1515496628, 0, 113, 161, 130, 11, 0.53%, 0, 0, 5, 2854.94
1515496638, 0, 113, 168, 137, 11, 0.53%, 0, 0, 5, 2842.11
1515496649, 0, 121, 172, 140, 11, 0.53%, 0, 0, 5, 3315.66
1515496654, 0, 141, 173, 140, 12, 0.53%, 0, 0, 6, 3337.20
1515496659, 0, 141, 176, 143, 12, 0.53%, 0, 0, 6, 3661.53
1515496664, 0, 144, 176, 141, 10, 0.53%, 0, 0, 6, 4322.85
1515496669, 0, 144, 178, 143, 10, 0.53%, 0, 0, 6, 4135.61
1515496674, 0, 152, 182, 145, 9, 0.54%, 0, 0, 6, 5134.61
1515496679, 0, 152, 187, 150, 9, 0.54%, 0, 0, 6, 5549.45
1515496684, 0, 159, 189, 150, 9, 0.54%, 0, 0, 6, 5231.84
1515496689, 0, 159, 193, 154, 9, 0.54%, 0, 0, 6, 5196.70
1515496694, 0, 160, 197, 157, 10, 0.55%, 0, 0, 6, 5303.18
1515496699, 0, 160, 205, 165, 10, 0.55%, 0, 0, 6, 5452.98
1515496704, 0, 162, 205, 164, 12, 0.55%, 0, 0, 6, 6101.64
1515496709, 0, 178, 207, 163, 10, 0.56%, 0, 0, 6, 6386.09
1515496714, 0, 181, 208, 163, 9, 0.56%, 0, 0, 7, 6134.89
1515496719, 0, 187, 208, 161, 7, 0.56%, 0, 0, 7, 5513.07
1515496724, 0, 190, 208, 160, 6, 0.56%, 0, 0, 7, 4935.55
1515496730, 0, 190, 212, 164, 6, 0.56%, 0, 0, 7, 4748.88
1515496735, 0, 195, 213, 164, 4, 0.56%, 0, 0, 7, 5039.68
1515496740, 0, 195, 221, 172, 4, 0.58%, 0, 0, 7, 5553.62
1515496745, 0, 206, 222, 171, 5, 0.58%, 0, 0, 7, 5131.41
1515496750, 0, 212, 222, 170, 4, 0.58%, 0, 0, 7, 4894.99
1515496755, 0, 214, 225, 172, 3, 0.58%, 0, 0, 8, 4907.72
1515496760, 0, 216, 226, 171, 3, 0.58%, 0, 0, 8, 5501.16
1515496765, 0, 216, 231, 176, 3, 0.59%, 0, 0, 8, 5507.30
1515496770, 0, 220, 232, 176, 4, 0.59%, 0, 0, 8, 5342.58
1515496775, 0, 224, 235, 178, 4, 0.59%, 0, 0, 9, 5143.09
1515496780, 0, 224, 241, 184, 4, 0.59%, 0, 0, 9, 5275.35
1515496785, 0, 225, 244, 186, 4, 0.60%, 0, 0, 9, 4825.31
1515496790, 0, 230, 252, 193, 3, 0.60%, 0, 0, 9, 5079.93
1515496796, 0, 230, 256, 197, 3, 0.60%, 0, 0, 9, 5035.74
1515496801, 0, 237, 260, 200, 4, 0.60%, 0, 0, 10, 5147.50
1515496806, 0, 249, 260, 199, 3, 0.60%, 0, 0, 10, 4639.68
1515496811, 0, 249, 262, 201, 3, 0.61%, 0, 0, 10, 4174.37
1515496816, 0, 252, 264, 202, 3, 0.61%, 0, 0, 10, 4366.17
1515496821, 0, 252, 269, 207, 3, 0.61%, 0, 0, 10, 4702.51
1515496826, 0, 256, 269, 206, 2, 0.61%, 0, 0, 10, 5008.88
1515496831, 0, 261, 269, 205, 1, 0.61%, 0, 0, 10, 5084.73
1515496836, 1, 23, 269, 200, 0, 0.61%, 0, 0, 10, 5780.03
1515496841, 1, 30, 269, 197, 0, 0.61%, 0, 0, 10, 5622.03
1515496846, 1, 50, 269, 192, 0, 0.61%, 0, 0, 10, 6017.58
1515496851, 1, 59, 269, 190, 0, 0.61%, 0, 0, 10, 6275.42
1515496856, 1, 69, 269, 187, 0, 0.61%, 0, 0, 10, 5319.72
1515496861, 1, 74, 269, 184, 0, 0.61%, 0, 0, 10, 5403.40
1515496867, 1, 80, 269, 182, 0, 0.61%, 0, 0, 10, 5364.81
1515496872, 1, 88, 270, 179, 0, 0.61%, 0, 0, 10, 5622.17
1515496877, 1, 94, 274, 182, 0, 0.61%, 0, 0, 10, 5557.91
1515496882, 1, 111, 274, 180, 0, 0.61%, 0, 0, 10, 5392.23
1515496887, 1, 124, 274, 178, 0, 0.61%, 0, 0, 10, 5206.10
1515496892, 1, 130, 275, 177, 0, 0.61%, 0, 0, 10, 5546.09
1515496897, 1, 138, 277, 176, 0, 0.61%, 0, 0, 10, 5578.86
1515496907, 1, 147, 277, 175, 0, 0.61%, 0, 0, 10, 5413.03
1515496912, 1, 158, 277, 173, 0, 0.61%, 0, 0, 10, 5317.98
1515496918, 1, 175, 277, 171, 0, 0.61%, 0, 0, 10, 5722.46
1515496923, 1, 185, 280, 173, 0, 0.61%, 0, 0, 10, 5735.65
1515496928, 1, 209, 281, 173, 0, 0.61%, 0, 0, 10, 6012.15
1515496933, 1, 282, 283, 173, 1, 0.61%, 0, 0, 10, 5808.12
1515496938, 1, 282, 288, 178, 1, 0.61%, 0, 0, 10, 5838.78
1515496943, 1, 284, 289, 178, 0, 0.61%, 0, 0, 10, 5643.13
1515496948, 1, 285, 292, 180, 0, 0.61%, 0, 0, 10, 5513.01
1515496953, 1, 291, 294, 181, 0, 0.61%, 0, 0, 11, 5436.97
1515496958, 1, 294, 296, 182, 0, 0.61%, 0, 0, 12, 5100.07
1515496963, 1, 294, 300, 186, 0, 0.61%, 0, 0, 12, 5230.74
1515496968, 2, 20, 301, 183, 0, 0.61%, 0, 0, 12, 5972.30
1515496974, 2, 49, 301, 179, 0, 0.61%, 0, 0, 12, 6468.51
1515496979, 2, 96, 303, 179, 0, 0.61%, 0, 0, 12, 5745.85
1515496984, 2, 247, 303, 177, 1, 0.61%, 0, 0, 12, 5590.37
1515496989, 2, 247, 304, 178, 1, 0.61%, 0, 0, 12, 5591.88
1515496994, 2, 288, 305, 178, 1, 0.61%, 0, 0, 12, 5624.14
1515496999, 2, 302, 305, 176, 0, 0.61%, 0, 0, 12, 5393.09
1515497004, 2, 304, 306, 176, 0, 0.61%, 0, 0, 12, 5115.27
1515497014, 3, 22, 306, 173, 0, 0.61%, 0, 0, 12, 5139.84
1515497020, 3, 89, 308, 172, 0, 0.61%, 0, 0, 12, 5413.10
1515497025, 3, 98, 309, 170, 0, 0.61%, 0, 0, 12, 5559.45
1515497030, 3, 99, 309, 169, 0, 0.61%, 0, 0, 12, 5754.22
1515497035, 3, 104, 309, 167, 0, 0.61%, 0, 0, 12, 6039.70
1515497040, 3, 117, 309, 165, 0, 0.61%, 0, 0, 12, 5982.79
1515497045, 3, 123, 309, 163, 0, 0.61%, 0, 0, 12, 6168.14
1515497050, 3, 129, 309, 161, 0, 0.61%, 0, 0, 12, 6003.01
1515497055, 3, 146, 309, 158, 0, 0.61%, 0, 0, 12, 5949.69
1515497060, 3, 154, 309, 157, 0, 0.61%, 0, 0, 12, 5900.64
1515497065, 3, 166, 309, 155, 0, 0.61%, 0, 0, 12, 6065.82
1515497070, 3, 179, 311, 155, 0, 0.61%, 0, 0, 12, 6015.51
1515497075, 3, 179, 326, 170, 0, 0.61%, 0, 0, 12, 5819.06
1515497080, 3, 307, 329, 172, 1, 0.61%, 0, 0, 12, 5822.00
1515497085, 3, 311, 332, 174, 1, 0.61%, 0, 0, 12, 5686.26
1515497091, 3, 311, 336, 178, 1, 0.61%, 0, 0, 12, 5688.51
1515497096, 3, 319, 340, 181, 0, 0.61%, 0, 0, 12, 5490.95
1515497106, 3, 319, 353, 194, 0, 0.61%, 0, 0, 12, 5184.00
1515497111, 3, 322, 355, 195, 0, 0.61%, 0, 0, 12, 5016.71
1515497126, 3, 322, 362, 202, 0, 0.61%, 0, 0, 12, 5067.13
1515497131, 3, 327, 363, 202, 0, 0.61%, 0, 0, 12, 5056.93
1515497141, 3, 327, 368, 207, 0, 0.61%, 0, 0, 12, 5305.15
1515497146, 3, 362, 373, 211, 1, 0.61%, 0, 0, 12, 5307.93
1515497157, 3, 362, 380, 218, 1, 0.61%, 0, 0, 12, 5217.90
1515497162, 3, 371, 380, 217, 1, 0.61%, 0, 0, 12, 5193.40
1515497172, 3, 372, 384, 220, 0, 0.61%, 0, 0, 12, 5096.03
1515497182, 3, 372, 388, 224, 0, 0.61%, 0, 0, 12, 5180.79
1515497187, 3, 386, 390, 225, 2, 0.61%, 0, 0, 12, 5173.50
1515497193, 3, 386, 391, 226, 2, 0.61%, 0, 0, 12, 5286.26
1515497198, 3, 388, 393, 227, 1, 0.61%, 0, 0, 12, 5489.12
1515497203, 3, 388, 397, 231, 1, 0.61%, 0, 0, 12, 5706.68
1515497208, 3, 389, 397, 230, 0, 0.61%, 0, 0, 12, 5492.24
1515497218, 3, 390, 397, 229, 0, 0.61%, 0, 0, 12, 4442.78
1515497228, 3, 392, 398, 229, 0, 0.61%, 0, 0, 12, 4995.69
1515497233, 3, 392, 401, 232, 0, 0.61%, 0, 0, 12, 3441.63
1515497361, 3, 392, 405, 236, 0, 0.61%, 0, 0, 12, 2935.35
1515497366, 3, 392, 411, 242, 0, 0.61%, 0, 0, 12, 3164.38
1515497371, 3, 393, 413, 243, 0, 0.61%, 0, 0, 12, 3606.47
1515497433, 3, 393, 415, 245, 0, 0.61%, 0, 0, 12, 3725.79
1515497438, 3, 400, 417, 246, 0, 0.61%, 0, 0, 13, 3337.32
1515497565, 3, 400, 419, 248, 0, 0.61%, 0, 0, 13, 3103.80
1515497570, 3, 411, 420, 248, 0, 0.61%, 0, 0, 13, 3534.90
1515497631, 3, 411, 423, 251, 0, 0.61%, 0, 0, 13, 3635.25
1515497636, 3, 421, 423, 250, 1, 0.61%, 0, 0, 13, 3698.73
1515497707, 3, 421, 426, 253, 1, 0.61%, 0, 0, 14, 3588.81
1515497712, 3, 424, 427, 253, 0, 0.61%, 0, 0, 14, 3062.20
1515497718, 3, 424, 428, 254, 0, 0.62%, 0, 0, 15, 2467.76
1515497723, 3, 424, 429, 255, 0, 0.62%, 0, 0, 15, 2294.89
1515497886, 3, 424, 437, 263, 0, 0.62%, 0, 0, 15, 2630.35
1515497891, 3, 428, 437, 262, 1, 0.62%, 0, 0, 15, 2529.50
1515498059, 3, 428, 438, 263, 1, 0.62%, 0, 0, 16, 2310.71
1515498064, 3, 428, 440, 265, 1, 0.62%, 0, 0, 16, 2590.51
1515498069, 3, 437, 441, 265, 1, 0.62%, 0, 0, 16, 2575.78
1515498242, 3, 437, 443, 267, 1, 0.62%, 0, 0, 17, 2568.71
1515498247, 3, 440, 444, 267, 0, 0.62%, 0, 0, 17, 2411.72
1515498252, 3, 440, 448, 271, 0, 0.62%, 0, 0, 17, 1699.15
1515498263, 3, 440, 453, 276, 0, 0.62%, 0, 0, 17, 1538.47
1515498390, 3, 440, 454, 277, 0, 0.62%, 0, 0, 17, 1495.71
1515498609, 3, 440, 455, 278, 0, 0.62%, 0, 0, 17, 1499.37
1515498619, 3, 440, 460, 283, 0, 0.62%, 0, 0, 17, 1603.74
1515498624, 3, 440, 463, 286, 0, 0.62%, 0, 0, 17, 1782.86
1515498629, 3, 440, 465, 288, 0, 0.62%, 0, 0, 17, 1815.07
1515498634, 3, 440, 468, 291, 0, 0.62%, 0, 0, 17, 1859.11
1515498639, 3, 444, 469, 291, 0, 0.62%, 0, 0, 17, 1639.68
1515499017, 3, 444, 470, 292, 0, 0.62%, 0, 0, 18, 1534.99
1515499022, 3, 444, 472, 294, 0, 0.62%, 0, 0, 18, 1759.95
1515499027, 3, 444, 474, 296, 0, 0.62%, 0, 0, 18, 1805.65
1515499037, 3, 449, 474, 295, 0, 0.62%, 0, 0, 18, 1435.77
1515499417, 3, 449, 477, 298, 0, 0.62%, 0, 0, 18, 1784.64
1515499422, 3, 449, 478, 299, 0, 0.62%, 0, 0, 18, 1837.91
1515499427, 3, 451, 478, 298, 0, 0.62%, 0, 0, 18, 1690.01
1515499814, 3, 451, 479, 299, 0, 0.62%, 0, 0, 18, 1797.64
1515499824, 3, 454, 479, 298, 0, 0.62%, 0, 0, 18, 1802.83
1515500220, 3, 468, 479, 297, 0, 0.62%, 0, 0, 18, 1566.33
1515501778, 3, 468, 481, 299, 0, 0.62%, 0, 0, 18, 895.56
1515501783, 3, 468, 482, 300, 0, 0.62%, 0, 0, 18, 924.99
1515501788, 3, 468, 484, 302, 0, 0.62%, 0, 0, 18, 936.80
1515501799, 3, 468, 485, 303, 0, 0.62%, 0, 0, 18, 946.46
1515501804, 3, 469, 486, 303, 0, 0.62%, 0, 0, 18, 1218.93
1515502144, 3, 470, 486, 302, 0, 0.62%, 0, 0, 18, 1036.86
1515505497, 3, 470, 487, 303, 0, 0.62%, 0, 0, 19, 516.60
1515508138, 3, 470, 489, 305, 0, 0.62%, 0, 0, 19, 513.75
1515508158, 3, 471, 489, 304, 0, 0.62%, 0, 0, 19, 763.43
1515508681, 3, 471, 491, 306, 0, 0.62%, 0, 0, 19, 1518.61
1515508691, 3, 472, 491, 305, 0, 0.62%, 0, 0, 19, 1969.82
1515508701, 3, 472, 492, 306, 0, 0.62%, 0, 0, 19, 2168.35
1515508895, 3, 473, 492, 305, 0, 0.62%, 0, 0, 19, 1943.41
1515510010, 3, 473, 493, 306, 0, 0.62%, 0, 0, 19, 1042.82
1515510020, 3, 473, 495, 308, 0, 0.62%, 0, 0, 19, 1121.19
1515510035, 3, 473, 496, 309, 0, 0.62%, 0, 0, 19, 1118.48
1515510040, 3, 476, 496, 308, 0, 0.62%, 0, 0, 19, 701.25
1515512786, 3, 477, 498, 309, 0, 0.62%, 0, 0, 19, 824.75
1515515158, 3, 484, 498, 308, 0, 0.62%, 0, 0, 19, 930.57
1515516331, 3, 484, 499, 309, 0, 0.62%, 0, 0, 19, 1050.98
1515516336, 3, 485, 499, 308, 0, 0.62%, 0, 0, 19, 982.17
1515517467, 3, 491, 499, 307, 0, 0.62%, 0, 0, 19, 1809.10
1515517477, 3, 491, 500, 308, 0, 0.62%, 0, 0, 20, 2108.34
1515517675, 3, 493, 500, 307, 0, 0.62%, 0, 0, 20, 192.97
1515517685, 3, 493, 502, 309, 0, 0.62%, 0, 0, 20, 193.99
1515546766, 3, 493, 503, 310, 0, 0.62%, 0, 0, 20, 192.08
1515546771, 3, 493, 504, 311, 0, 0.62%, 0, 0, 20, 205.06
1515546776, 3, 493, 505, 312, 0, 0.62%, 0, 0, 20, 206.29
1515546791, 3, 493, 506, 313, 0, 0.62%, 0, 0, 20, 210.46
1515546806, 3, 493, 507, 314, 0, 0.62%, 0, 0, 20, 201.69
1515546862, 3, 493, 508, 315, 0, 0.62%, 0, 0, 20, 207.91
1515546892, 3, 496, 508, 314, 0, 0.62%, 0, 0, 20, 274.71
1515549346, 3, 501, 508, 313, 0, 0.62%, 0, 0, 20, 866.87
1515578489, 3, 501, 509, 314, 0, 0.62%, 0, 0, 21, 191.92
1515578530, 3, 502, 509, 313, 0, 0.62%, 0, 0, 21, 174.31
1515578550, 3, 502, 510, 314, 0, 0.62%, 0, 0, 21, 98.84
1515588761, 3, 502, 511, 315, 0, 0.62%, 0, 0, 21, 96.53
