# unix_time, cycles_done, cur_path, paths_total, pending_total, pending_favs, map_size, unique_crashes, unique_hangs, max_depth, execs_per_sec
1515756565, 0, 0, 5, 5, 5, 0.14%, 0, 0, 1, 294.12
1515756570, 0, 0, 44, 44, 5, 0.49%, 0, 0, 2, 909.31
1515756575, 0, 0, 48, 48, 5, 0.50%, 0, 0, 2, 998.29
1515756580, 0, 0, 50, 50, 5, 0.50%, 0, 0, 2, 1226.85
1515756585, 0, 0, 52, 52, 5, 0.51%, 0, 0, 2, 1223.56
1515756590, 0, 1, 62, 61, 26, 0.53%, 0, 0, 2, 1097.50
1515756595, 0, 1, 66, 65, 26, 0.53%, 0, 0, 2, 988.26
1515756600, 0, 1, 69, 68, 26, 0.54%, 0, 0, 2, 926.08
1515756606, 0, 1, 70, 69, 26, 0.54%, 0, 0, 2, 1054.48
1515756611, 0, 1, 73, 72, 26, 0.54%, 0, 0, 2, 950.98
1515756616, 0, 3, 80, 77, 36, 0.56%, 0, 0, 2, 1123.78
1515756621, 0, 3, 85, 82, 36, 0.57%, 0, 0, 2, 1220.04
1515756631, 0, 3, 89, 86, 36, 0.58%, 0, 0, 2, 1275.17
1515756636, 0, 3, 92, 89, 36, 0.58%, 0, 0, 2, 1265.49
1515756646, 0, 9, 92, 85, 44, 0.58%, 0, 0, 2, 1431.88
1515756651, 0, 13, 94, 85, 42, 0.58%, 0, 0, 3, 1369.50
1515756656, 0, 13, 95, 86, 42, 0.58%, 0, 0, 3, 1305.30
1515756661, 0, 13, 96, 87, 42, 0.58%, 0, 0, 3, 1257.91
1515756666, 0, 16, 96, 85, 41, 0.58%, 0, 0, 3, 1339.75
1515756671, 0, 31, 96, 82, 38, 0.58%, 0, 0, 3, 1396.78
1515756676, 0, 32, 96, 81, 37, 0.58%, 0, 0, 3, 1517.17
1515756682, 0, 37, 97, 80, 35, 0.58%, 0, 0, 3, 1440.68
1515756687, 0, 39, 97, 79, 34, 0.58%, 0, 0, 3, 1500.56
1515756692, 0, 45, 98, 78, 32, 0.58%, 0, 0, 3, 1537.14
1515756697, 0, 47, 100, 79, 31, 0.58%, 0, 0, 3, 1211.57
1515756707, 0, 53, 100, 75, 27, 0.58%, 0, 0, 3, 1380.68
1515756712, 0, 55, 101, 74, 25, 0.58%, 0, 0, 3, 1405.69
1515756717, 0, 58, 102, 73, 23, 0.58%, 0, 0, 3, 1460.22
1515756722, 0, 61, 102, 72, 22, 0.58%, 0, 0, 3, 1541.45
1515756727, 0, 65, 102, 70, 20, 0.58%, 0, 0, 3, 1525.15
1515756732, 0, 66, 107, 74, 19, 0.59%, 0, 0, 3, 1370.06
1515756737, 0, 66, 108, 75, 19, 0.59%, 0, 0, 3, 1273.19
1515756742, 0, 66, 111, 78, 19, 0.59%, 0, 0, 3, 1236.18
1515756747, 0, 66, 114, 81, 19, 0.59%, 0, 0, 3, 1241.59
1515756753, 0, 66, 116, 83, 19, 0.59%, 0, 0, 3, 1255.81
1515756758, 0, 67, 116, 82, 23, 0.59%, 0, 0, 3, 1382.59
1515756763, 0, 72, 116, 81, 22, 0.59%, 0, 0, 3, 1532.27
1515756768, 0, 75, 116, 80, 21, 0.59%, 0, 0, 3, 1217.75
1515756773, 0, 77, 116, 78, 19, 0.59%, 0, 0, 3, 1042.39
1515756778, 0, 79, 116, 77, 18, 0.59%, 0, 0, 3, 1196.10
1515756783, 0, 80, 117, 77, 17, 0.59%, 0, 0, 3, 1265.53
1515756788, 0, 80, 120, 80, 17, 0.59%, 0, 0, 3, 952.95
1515756798, 0, 80, 121, 81, 17, 0.59%, 0, 0, 3, 1129.55
1515756803, 0, 80, 122, 82, 17, 0.59%, 0, 0, 3, 1191.65
1515756808, 0, 80, 123, 83, 17, 0.59%, 0, 0, 3, 1213.35
1515756814, 0, 81, 124, 83, 16, 0.59%, 0, 0, 3, 1006.08
1515756819, 0, 82, 125, 83, 15, 0.60%, 0, 0, 3, 1251.27
1515756824, 0, 83, 125, 82, 15, 0.60%, 0, 0, 3, 1287.86
1515756829, 0, 86, 125, 80, 13, 0.60%, 0, 0, 3, 1100.30
1515756834, 0, 86, 135, 90, 13, 0.60%, 0, 0, 3, 992.11
1515756839, 0, 86, 141, 96, 13, 0.61%, 0, 0, 3, 1049.51
1515756844, 0, 86, 147, 102, 13, 0.61%, 0, 0, 3, 1085.71
1515756849, 0, 86, 149, 104, 13, 0.62%, 0, 0, 3, 989.20
1515756854, 0, 86, 151, 106, 13, 0.62%, 0, 0, 3, 915.93
1515756859, 0, 86, 152, 107, 13, 0.62%, 0, 0, 3, 923.43
1515756864, 0, 86, 154, 109, 13, 0.62%, 0, 0, 3, 914.73
1515756869, 0, 90, 155, 109, 15, 0.62%, 0, 0, 3, 957.79
1515756875, 0, 91, 155, 108, 14, 0.62%, 0, 0, 3, 1053.92
1515756880, 0, 93, 155, 107, 13, 0.62%, 0, 0, 3, 1038.19
1515756885, 0, 97, 155, 106, 12, 0.62%, 0, 0, 3, 1040.64
1515756890, 0, 97, 169, 120, 12, 0.62%, 0, 0, 4, 958.20
1515756895, 0, 97, 171, 122, 12, 0.62%, 0, 0, 4, 1057.64
1515756900, 0, 97, 175, 126, 12, 0.62%, 0, 0, 4, 1205.68
1515756905, 0, 97, 176, 127, 12, 0.62%, 0, 0, 4, 1229.49
1515756915, 0, 97, 178, 129, 12, 0.62%, 0, 0, 4, 1186.28
1515756920, 0, 101, 178, 128, 11, 0.62%, 0, 0, 4, 1401.22
1515756926, 0, 101, 179, 129, 11, 0.62%, 0, 0, 4, 1333.49
1515756931, 0, 102, 182, 131, 11, 0.62%, 0, 0, 4, 1307.88
1515756936, 0, 103, 182, 130, 10, 0.62%, 0, 0, 4, 1310.20
1515756941, 0, 106, 183, 130, 9, 0.62%, 0, 0, 4, 1271.74
1515756946, 0, 106, 190, 137, 9, 0.62%, 0, 0, 4, 1429.46
1515756951, 0, 106, 197, 144, 9, 0.62%, 0, 0, 4, 1018.70
1515756956, 0, 106, 199, 146, 9, 0.62%, 0, 0, 4, 974.47
1515756961, 0, 106, 201, 148, 9, 0.62%, 0, 0, 4, 896.82
1515756966, 0, 106, 202, 149, 9, 0.62%, 0, 0, 4, 946.61
1515756971, 0, 106, 203, 150, 9, 0.62%, 0, 0, 4, 876.87
1515756976, 0, 106, 204, 151, 9, 0.62%, 0, 0, 4, 926.43
1515756982, 0, 108, 206, 152, 9, 0.62%, 0, 0, 4, 1171.14
1515756987, 0, 109, 206, 151, 8, 0.62%, 0, 0, 4, 1423.83
1515756992, 0, 113, 207, 151, 7, 0.62%, 0, 0, 4, 1363.33
1515756997, 0, 124, 208, 151, 6, 0.62%, 0, 0, 4, 1247.25
1515757007, 0, 126, 212, 154, 5, 0.62%, 0, 0, 4, 974.37
1515757012, 0, 126, 217, 159, 5, 0.62%, 0, 0, 4, 1098.46
1515757017, 0, 126, 221, 163, 5, 0.62%, 0, 0, 4, 1085.93
1515757027, 0, 126, 223, 165, 5, 0.62%, 0, 0, 4, 1154.12
1515757032, 0, 126, 224, 166, 5, 0.62%, 0, 0, 4, 1106.38
1515757037, 0, 145, 228, 169, 4, 0.63%, 0, 0, 4, 1287.05
1515757042, 0, 146, 229, 169, 7, 0.63%, 0, 0, 4, 1345.00
1515757047, 0, 146, 234, 174, 7, 0.64%, 0, 0, 4, 1188.87
1515757053, 0, 146, 237, 177, 7, 0.64%, 0, 0, 4, 1223.09
1515757058, 0, 146, 239, 179, 7, 0.64%, 0, 0, 4, 1150.47
1515757063, 0, 193, 241, 179, 6, 0.64%, 0, 0, 5, 1392.68
1515757068, 0, 193, 244, 182, 6, 0.64%, 0, 0, 5, 1411.99
1515757073, 0, 193, 250, 188, 6, 0.64%, 0, 0, 5, 1183.76
1515757078, 0, 193, 257, 195, 6, 0.65%, 0, 0, 5, 1156.66
1515757083, 0, 193, 258, 196, 6, 0.65%, 0, 0, 5, 1190.98
1515757093, 0, 224, 260, 197, 8, 0.65%, 0, 0, 5, 1296.82
1515757098, 0, 224, 261, 198, 8, 0.66%, 0, 0, 5, 1044.99
1515757103, 0, 224, 262, 199, 8, 0.66%, 0, 0, 5, 1135.01
1515757114, 0, 224, 263, 200, 8, 0.66%, 0, 0, 5, 1137.59
1515757124, 0, 225, 263, 199, 8, 0.66%, 0, 0, 5, 992.07
1515757129, 0, 226, 263, 198, 7, 0.66%, 0, 0, 5, 1075.04
1515757134, 0, 227, 263, 197, 6, 0.66%, 0, 0, 5, 1114.39
1515757139, 0, 232, 263, 196, 5, 0.66%, 0, 0, 5, 1088.89
1515757144, 0, 232, 264, 197, 5, 0.66%, 0, 0, 5, 1111.06
1515757149, 0, 232, 268, 201, 5, 0.66%, 0, 0, 5, 1090.61
1515757154, 0, 232, 270, 203, 5, 0.66%, 0, 0, 5, 916.95
1515757159, 0, 232, 273, 206, 5, 0.66%, 0, 0, 5, 953.88
1515757169, 0, 232, 276, 209, 5, 0.66%, 0, 0, 5, 1076.93
1515757175, 0, 239, 277, 209, 5, 0.66%, 0, 0, 5, 1394.11
1515757180, 0, 239, 281, 213, 5, 0.67%, 0, 0, 5, 1137.42
1515757190, 0, 239, 284, 216, 5, 0.67%, 0, 0, 5, 1123.97
1515757195, 0, 239, 286, 218, 5, 0.67%, 0, 0, 5, 1170.16
1515757210, 0, 240, 286, 217, 8, 0.67%, 0, 0, 5, 1400.65
1515757215, 0, 240, 290, 221, 8, 0.67%, 0, 0, 6, 1251.48
1515757230, 0, 240, 292, 223, 8, 0.67%, 0, 0, 6, 932.65
1515757235, 0, 250, 292, 222, 7, 0.67%, 0, 0, 6, 958.22
1515757240, 0, 250, 293, 223, 7, 0.68%, 0, 0, 6, 1216.75
1515757246, 0, 250, 296, 226, 7, 0.68%, 0, 0, 6, 1222.87
1515757261, 0, 252, 298, 227, 8, 0.68%, 0, 0, 6, 1263.99
1515757271, 0, 260, 298, 226, 9, 0.68%, 0, 0, 6, 1278.84
1515757276, 0, 260, 300, 228, 9, 0.68%, 0, 0, 6, 1260.09
1515757281, 0, 265, 300, 227, 8, 0.68%, 0, 0, 6, 1253.73
1515757286, 0, 265, 305, 232, 8, 0.69%, 0, 0, 6, 1228.91
1515757291, 0, 265, 308, 235, 8, 0.70%, 0, 0, 6, 1201.10
1515757296, 0, 265, 309, 236, 8, 0.70%, 0, 0, 6, 1189.05
1515757301, 0, 265, 310, 237, 8, 0.70%, 0, 0, 6, 952.11
1515757307, 0, 265, 312, 239, 8, 0.70%, 0, 0, 6, 909.59
1515757317, 0, 279, 313, 239, 9, 0.70%, 0, 0, 6, 1274.95
1515757322, 0, 292, 313, 238, 8, 0.70%, 0, 0, 6, 1359.87
1515757332, 0, 292, 316, 241, 8, 0.70%, 0, 0, 7, 1270.88
1515757337, 0, 292, 318, 243, 8, 0.70%, 0, 0, 7, 1065.93
1515757342, 0, 292, 319, 244, 8, 0.70%, 0, 0, 7, 1016.39
1515757352, 0, 292, 320, 245, 8, 0.70%, 0, 0, 7, 1200.35
1515757357, 0, 294, 321, 245, 8, 0.70%, 0, 0, 7, 1140.05
1515757367, 0, 294, 323, 247, 8, 0.70%, 0, 0, 7, 994.35
1515757372, 0, 296, 323, 246, 8, 0.70%, 0, 0, 7, 1214.12
1515757382, 0, 297, 323, 245, 7, 0.70%, 0, 0, 7, 1329.86
1515757393, 0, 297, 325, 247, 7, 0.71%, 0, 0, 7, 1052.87
1515757403, 0, 304, 327, 248, 7, 0.71%, 0, 0, 7, 1175.14
1515757413, 0, 304, 336, 257, 7, 0.71%, 0, 0, 7, 1100.31
1515757418, 0, 304, 341, 262, 7, 0.72%, 0, 0, 7, 971.06
1515757423, 0, 304, 343, 264, 7, 0.72%, 0, 0, 7, 997.71
1515757428, 0, 304, 345, 266, 7, 0.72%, 0, 0, 7, 1002.08
1515757438, 0, 304, 346, 267, 7, 0.72%, 0, 0, 7, 1143.82
1515757444, 0, 315, 348, 268, 6, 0.72%, 0, 0, 7, 1231.73
1515757449, 0, 315, 349, 269, 6, 0.72%, 0, 0, 8, 1401.00
1515757454, 0, 315, 350, 270, 6, 0.72%, 0, 0, 8, 1137.35
1515757459, 0, 320, 351, 270, 5, 0.72%, 0, 0, 8, 1359.66
1515757469, 0, 324, 352, 270, 5, 0.72%, 0, 0, 8, 1305.45
1515757479, 0, 324, 353, 271, 5, 0.72%, 0, 0, 8, 1341.53
1515757484, 0, 324, 355, 273, 5, 0.72%, 0, 0, 8, 966.03
1515757489, 0, 324, 356, 274, 5, 0.72%, 0, 0, 8, 1026.98
1515757500, 0, 325, 356, 273, 5, 0.72%, 0, 0, 8, 1141.45
1515757515, 0, 339, 357, 273, 4, 0.72%, 0, 0, 8, 1053.06
1515757530, 0, 339, 360, 276, 4, 0.73%, 0, 0, 8, 1144.44
1515757535, 0, 339, 366, 282, 4, 0.74%, 0, 0, 8, 929.66
1515757540, 0, 339, 368, 284, 4, 0.74%, 0, 0, 8, 979.28
1515757545, 0, 339, 369, 285, 4, 0.74%, 0, 0, 8, 880.26
1515757556, 0, 346, 371, 286, 5, 0.74%, 0, 0, 8, 1132.98
1515757571, 0, 346, 375, 290, 5, 0.75%, 0, 0, 8, 977.63
1515757576, 0, 346, 377, 292, 5, 0.75%, 0, 0, 8, 914.29
1515757581, 0, 346, 380, 295, 5, 0.75%, 0, 0, 8, 1095.00
1515757586, 0, 346, 384, 299, 5, 0.75%, 0, 0, 8, 1134.49
1515757591, 0, 348, 385, 299, 6, 0.75%, 0, 0, 8, 1263.72
1515757602, 0, 348, 386, 300, 6, 0.75%, 0, 0, 9, 1172.80
1515757607, 0, 348, 388, 302, 6, 0.75%, 0, 0, 9, 944.70
1515757622, 0, 348, 389, 303, 6, 0.75%, 0, 0, 9, 1144.68
1515757627, 0, 350, 390, 303, 6, 0.75%, 0, 0, 9, 1343.92
1515757632, 0, 350, 391, 304, 6, 0.75%, 0, 0, 9, 1243.73
1515757637, 0, 351, 391, 303, 5, 0.75%, 0, 0, 9, 1204.97
1515757652, 0, 351, 392, 304, 5, 0.75%, 0, 0, 9, 1240.07
1515757657, 0, 351, 393, 305, 5, 0.75%, 0, 0, 9, 928.33
1515757662, 0, 351, 396, 308, 5, 0.76%, 0, 0, 9, 975.05
1515757668, 0, 351, 398, 310, 5, 0.76%, 0, 0, 9, 912.55
1515757678, 0, 363, 398, 309, 5, 0.76%, 0, 0, 9, 1284.99
1515757698, 0, 372, 398, 308, 4, 0.76%, 0, 0, 9, 1228.20
1515757713, 0, 372, 400, 310, 4, 0.76%, 0, 0, 9, 1113.12
1515757723, 0, 372, 402, 312, 4, 0.77%, 0, 0, 9, 1159.29
1515757728, 0, 377, 402, 311, 5, 0.77%, 0, 0, 9, 1420.11
1515757739, 0, 377, 404, 313, 5, 0.77%, 0, 0, 9, 1110.14
1515757749, 0, 393, 405, 313, 4, 0.77%, 0, 0, 10, 1099.69
1515757764, 0, 398, 406, 313, 4, 0.77%, 0, 0, 10, 1292.68
1515757769, 0, 398, 407, 314, 4, 0.77%, 0, 0, 10, 1443.56
1515757779, 0, 398, 409, 316, 4, 0.77%, 0, 0, 10, 1174.29
1515757784, 0, 398, 412, 319, 4, 0.77%, 0, 0, 10, 1095.67
1515757789, 0, 398, 414, 321, 4, 0.78%, 0, 0, 10, 1130.94
1515757795, 0, 404, 416, 322, 6, 0.78%, 0, 0, 10, 1057.14
1515757805, 0, 404, 417, 323, 6, 0.78%, 0, 0, 11, 1321.65
1515757810, 0, 404, 418, 324, 6, 0.78%, 0, 0, 11, 1242.86
1515757815, 0, 405, 418, 323, 5, 0.78%, 0, 0, 11, 1281.66
1515757820, 0, 405, 420, 325, 5, 0.78%, 0, 0, 11, 1316.69
1515757836, 0, 405, 422, 327, 5, 0.78%, 0, 0, 11, 1102.90
1515757841, 0, 405, 424, 329, 5, 0.78%, 0, 0, 11, 1109.42
1515757851, 0, 411, 425, 329, 3, 0.78%, 0, 0, 11, 1363.03
1515757866, 0, 422, 425, 328, 2, 0.78%, 0, 0, 11, 1178.00
1515757886, 0, 422, 426, 329, 2, 0.78%, 0, 0, 12, 1010.61
1515757892, 0, 422, 427, 330, 2, 0.78%, 0, 0, 12, 1124.21
1515757897, 0, 422, 429, 332, 2, 0.79%, 0, 0, 12, 1155.63
1515757902, 0, 424, 429, 331, 2, 0.79%, 0, 0, 12, 1221.98
1515757922, 0, 424, 431, 333, 2, 0.79%, 0, 0, 12, 1004.47
1515757932, 0, 427, 433, 334, 1, 0.79%, 0, 0, 12, 1085.27
1515757953, 0, 427, 435, 336, 1, 0.79%, 0, 0, 13, 1223.35
1515757968, 0, 430, 435, 335, 0, 0.79%, 0, 0, 13, 1324.40
1515757973, 0, 430, 436, 336, 0, 0.79%, 0, 0, 13, 1435.44
1515757988, 1, 6, 436, 335, 0, 0.79%, 0, 0, 13, 1048.89
1515757993, 1, 18, 436, 333, 0, 0.79%, 0, 0, 13, 1072.37
1515758004, 1, 19, 436, 332, 0, 0.79%, 0, 0, 13, 1101.61
1515758009, 1, 23, 436, 330, 0, 0.79%, 0, 0, 13, 1561.37
1515758014, 1, 27, 436, 328, 0, 0.79%, 0, 0, 13, 1582.32
1515758024, 1, 28, 436, 327, 0, 0.79%, 0, 0, 13, 1597.27
1515758034, 1, 34, 436, 326, 0, 0.79%, 0, 0, 13, 1682.19
1515758040, 1, 58, 437, 325, 0, 0.79%, 0, 0, 13, 1571.00
1515758045, 1, 88, 437, 324, 0, 0.79%, 0, 0, 13, 1453.49
1515758050, 1, 89, 437, 323, 0, 0.79%, 0, 0, 13, 1530.98
1515758055, 1, 97, 437, 322, 0, 0.79%, 0, 0, 13, 1452.15
1515758060, 1, 107, 437, 322, 0, 0.79%, 0, 0, 13, 1617.22
1515758065, 1, 111, 437, 321, 0, 0.79%, 0, 0, 13, 1611.41
1515758070, 1, 118, 438, 321, 0, 0.79%, 0, 0, 13, 1483.79
1515758075, 1, 119, 438, 320, 0, 0.79%, 0, 0, 13, 1502.81
1515758080, 1, 123, 438, 319, 0, 0.79%, 0, 0, 13, 1521.09
1515758085, 1, 125, 438, 318, 0, 0.79%, 0, 0, 13, 1474.61
1515758090, 1, 132, 439, 317, 0, 0.79%, 0, 0, 13, 1432.06
1515758095, 1, 140, 439, 315, 0, 0.79%, 0, 0, 13, 1428.16
1515758100, 1, 144, 439, 314, 0, 0.79%, 0, 0, 13, 1524.06
1515758111, 1, 151, 439, 313, 0, 0.79%, 0, 0, 13, 1531.33
1515758116, 1, 153, 439, 312, 0, 0.79%, 0, 0, 13, 1494.04
1515758126, 1, 159, 440, 312, 0, 0.79%, 0, 0, 13, 1395.48
1515758131, 1, 164, 440, 311, 0, 0.79%, 0, 0, 13, 1444.68
1515758136, 1, 164, 441, 312, 0, 0.79%, 0, 0, 13, 1456.03
1515758141, 1, 165, 441, 311, 0, 0.79%, 0, 0, 13, 1539.27
1515758146, 1, 181, 441, 310, 0, 0.79%, 0, 0, 13, 1542.25
1515758151, 1, 186, 441, 309, 0, 0.79%, 0, 0, 13, 1439.64
1515758156, 1, 186, 443, 311, 0, 0.79%, 0, 0, 13, 1457.43
1515758162, 1, 186, 446, 314, 0, 0.79%, 0, 0, 13, 1261.27
1515758167, 1, 186, 451, 319, 0, 0.79%, 0, 0, 13, 1219.79
1515758172, 1, 186, 452, 320, 0, 0.79%, 0, 0, 13, 1196.00
1515758177, 1, 187, 452, 319, 0, 0.79%, 0, 0, 13, 1202.56
1515758192, 1, 187, 454, 321, 0, 0.79%, 0, 0, 13, 1178.41
1515758197, 1, 187, 456, 323, 0, 0.79%, 0, 0, 13, 1149.47
1515758202, 1, 187, 457, 324, 0, 0.79%, 0, 0, 13, 1147.89
1515758207, 1, 187, 460, 327, 0, 0.79%, 0, 0, 13, 1143.65
1515758217, 1, 188, 460, 326, 0, 0.79%, 0, 0, 13, 1435.88
1515758227, 1, 198, 461, 326, 0, 0.79%, 0, 0, 13, 1372.12
1515758243, 1, 205, 461, 325, 0, 0.79%, 0, 0, 13, 1460.74
1515758253, 1, 205, 464, 328, 0, 0.79%, 0, 0, 13, 1173.60
1515758258, 1, 205, 466, 330, 0, 0.79%, 0, 0, 13, 1148.03
1515758268, 1, 205, 467, 331, 0, 0.79%, 0, 0, 13, 1157.91
1515758273, 1, 205, 468, 332, 0, 0.79%, 0, 0, 13, 1020.59
1515758278, 1, 207, 470, 333, 0, 0.79%, 0, 0, 13, 1203.92
1515758288, 1, 207, 471, 334, 0, 0.79%, 0, 0, 13, 1231.52
1515758293, 1, 210, 473, 335, 0, 0.79%, 0, 0, 13, 1421.92
1515758298, 1, 210, 477, 339, 0, 0.79%, 0, 0, 13, 1243.68
1515758324, 1, 219, 477, 338, 0, 0.79%, 0, 0, 13, 1453.40
1515758329, 1, 219, 482, 343, 0, 0.79%, 0, 0, 13, 1326.48
1515758334, 1, 219, 483, 344, 0, 0.79%, 0, 0, 13, 1224.86
1515758350, 1, 219, 484, 345, 0, 0.79%, 0, 0, 13, 1180.97
1515758355, 1, 226, 485, 345, 0, 0.79%, 0, 0, 13, 1200.74
1515758360, 1, 229, 485, 345, 0, 0.79%, 0, 0, 13, 1377.36
1515758365, 1, 229, 486, 346, 0, 0.79%, 0, 0, 13, 1248.85
1515758370, 1, 233, 486, 345, 0, 0.79%, 0, 0, 13, 1215.16
1515758380, 1, 233, 488, 347, 0, 0.79%, 0, 0, 13, 1251.39
1515758385, 1, 233, 489, 348, 0, 0.79%, 0, 0, 13, 1166.80
1515758390, 1, 233, 491, 350, 0, 0.79%, 0, 0, 13, 1134.95
1515758411, 1, 236, 491, 349, 0, 0.79%, 0, 0, 13, 1135.13
1515758426, 1, 236, 493, 351, 0, 0.79%, 0, 0, 13, 1034.92
1515758436, 1, 236, 494, 352, 0, 0.79%, 0, 0, 13, 973.97
1515758446, 1, 236, 495, 353, 0, 0.79%, 0, 0, 13, 828.90
1515758461, 1, 238, 495, 352, 0, 0.79%, 0, 0, 13, 975.58
1515758482, 1, 249, 495, 351, 0, 0.79%, 0, 0, 13, 1402.74
1515758487, 1, 249, 497, 353, 0, 0.79%, 0, 0, 13, 1336.10
1515758492, 1, 249, 499, 355, 0, 0.79%, 0, 0, 13, 1247.71
1515758497, 1, 249, 501, 357, 0, 0.79%, 0, 0, 13, 1188.47
1515758512, 1, 249, 502, 358, 0, 0.79%, 0, 0, 13, 1069.79
1515758517, 1, 258, 502, 357, 0, 0.79%, 0, 0, 13, 1034.43
1515758528, 1, 258, 503, 358, 0, 0.79%, 0, 0, 13, 944.14
1515758533, 1, 264, 503, 357, 0, 0.79%, 0, 0, 13, 1048.48
1515758548, 1, 268, 503, 356, 0, 0.79%, 0, 0, 13, 1209.00
1515758558, 1, 268, 504, 357, 0, 0.79%, 0, 0, 13, 1024.57
1515758563, 1, 268, 506, 359, 0, 0.79%, 0, 0, 13, 1031.87
1515758578, 1, 268, 507, 360, 0, 0.79%, 0, 0, 13, 876.25
1515758588, 1, 270, 507, 359, 0, 0.79%, 0, 0, 13, 1205.31
1515758603, 1, 270, 508, 360, 0, 0.79%, 0, 0, 13, 998.75
1515758609, 1, 270, 509, 361, 0, 0.79%, 0, 0, 13, 1000.23
1515758619, 1, 275, 509, 360, 0, 0.79%, 0, 0, 13, 977.61
1515758634, 1, 278, 509, 359, 0, 0.79%, 0, 0, 13, 1336.22
1515758644, 1, 283, 509, 358, 0, 0.79%, 0, 0, 13, 1402.24
1515758665, 1, 285, 509, 357, 0, 0.79%, 0, 0, 13, 1369.62
1515758675, 1, 293, 509, 356, 0, 0.79%, 0, 0, 13, 1477.13
1515758685, 1, 293, 512, 359, 0, 0.79%, 0, 0, 13, 1273.19
1515758695, 1, 293, 513, 360, 0, 0.79%, 0, 0, 13, 1079.89
1515758716, 1, 306, 514, 360, 0, 0.79%, 0, 0, 13, 1462.45
1515758726, 1, 308, 514, 359, 0, 0.79%, 0, 0, 13, 1428.49
1515758736, 1, 315, 515, 359, 0, 0.79%, 0, 0, 13, 1305.38
1515758741, 1, 317, 515, 359, 0, 0.79%, 0, 0, 13, 1090.90
1515758756, 1, 317, 517, 361, 0, 0.79%, 0, 0, 13, 954.50
1515758761, 1, 318, 517, 360, 0, 0.79%, 0, 0, 13, 1138.92
1515758776, 1, 318, 518, 361, 0, 0.79%, 0, 0, 13, 1206.02
1515758782, 1, 326, 518, 360, 0, 0.79%, 0, 0, 13, 1004.87
1515758797, 1, 329, 518, 359, 0, 0.79%, 0, 0, 13, 1144.17
1515758807, 1, 329, 519, 360, 0, 0.79%, 0, 0, 13, 1216.68
1515758812, 1, 330, 519, 359, 0, 0.79%, 0, 0, 13, 990.61
1515758833, 1, 330, 522, 362, 0, 0.79%, 0, 0, 13, 990.72
1515758848, 1, 332, 522, 361, 0, 0.79%, 0, 0, 13, 855.25
1515758868, 1, 333, 522, 360, 0, 0.79%, 0, 0, 13, 1434.25
1515758884, 1, 335, 522, 359, 0, 0.79%, 0, 0, 13, 1456.39
