# unix_time, cycles_done, cur_path, paths_total, pending_total, pending_favs, map_size, unique_crashes, unique_hangs, max_depth, execs_per_sec
1515504345, 0, 0, 5, 5, 5, 0.09%, 0, 0, 1, 4444.44
1515504350, 0, 0, 41, 41, 5, 0.40%, 0, 0, 2, 5055.02
1515504355, 0, 32, 44, 36, 3, 0.40%, 0, 0, 3, 5164.07
1515504360, 0, 39, 54, 45, 4, 0.41%, 0, 0, 3, 5086.81
1515504365, 0, 43, 57, 45, 8, 0.42%, 0, 0, 3, 5333.88
1515504370, 0, 44, 64, 51, 7, 0.43%, 0, 0, 4, 5199.74
1515504375, 0, 45, 72, 58, 6, 0.43%, 0, 0, 4, 5005.47
1515504380, 0, 45, 75, 61, 6, 0.43%, 0, 0, 4, 4772.14
1515504385, 0, 54, 93, 77, 4, 0.45%, 0, 0, 4, 5135.48
1515504390, 0, 55, 105, 88, 10, 0.46%, 0, 0, 4, 5424.95
1515504396, 0, 64, 110, 92, 9, 0.46%, 0, 0, 5, 5402.97
1515504401, 0, 67, 115, 96, 9, 0.47%, 0, 0, 5, 46.33
1515504406, 0, 67, 122, 103, 9, 0.47%, 0, 0, 5, 5024.27
1515504411, 0, 77, 128, 108, 10, 0.48%, 0, 0, 5, 5360.13
1515504416, 0, 81, 129, 106, 6, 0.48%, 0, 0, 5, 4860.50
1515504422, 0, 103, 146, 122, 5, 0.49%, 0, 0, 5, 3849.46
1515504427, 0, 108, 147, 122, 8, 0.50%, 0, 0, 5, 3576.62
1515504432, 0, 108, 152, 127, 8, 0.51%, 0, 0, 6, 3522.73
1515504437, 0, 108, 156, 131, 8, 0.51%, 0, 0, 6, 3534.15
1515504442, 0, 124, 222, 195, 18, 0.59%, 0, 0, 6, 3476.32
1515504447, 0, 143, 222, 192, 15, 0.59%, 0, 0, 6, 3452.08
1515504452, 0, 145, 245, 214, 14, 0.61%, 0, 0, 6, 3138.23
1515504457, 0, 155, 245, 213, 13, 0.61%, 0, 0, 6, 3097.12
1515504462, 0, 169, 246, 213, 12, 0.61%, 0, 0, 6, 2691.79
1515504473, 0, 173, 246, 212, 11, 0.61%, 0, 0, 6, 2806.36
1515504478, 0, 176, 246, 211, 10, 0.61%, 0, 0, 6, 2949.29
1515504483, 0, 181, 311, 275, 12, 0.62%, 0, 0, 6, 2917.08
1515504488, 0, 186, 311, 274, 11, 0.62%, 0, 0, 6, 2887.81
1515504498, 0, 188, 311, 273, 10, 0.62%, 0, 0, 6, 1884.24
1515504513, 0, 188, 314, 276, 10, 0.62%, 0, 0, 6, 1881.18
1515504518, 0, 201, 314, 275, 10, 0.62%, 0, 0, 6, 2511.82
1515504523, 0, 213, 314, 274, 9, 0.62%, 0, 0, 6, 2396.08
1515504533, 0, 224, 344, 303, 8, 0.62%, 0, 0, 6, 2428.01
1515504544, 0, 236, 344, 302, 7, 0.62%, 0, 0, 6, 2418.15
1515504554, 0, 241, 344, 301, 6, 0.62%, 0, 0, 6, 2399.63
1515504569, 0, 248, 344, 300, 5, 0.62%, 0, 0, 6, 2198.33
1515504589, 0, 283, 344, 299, 5, 0.62%, 0, 0, 6, 2166.27
1515504609, 0, 289, 358, 312, 4, 0.62%, 0, 0, 6, 2472.11
1515504620, 0, 295, 358, 311, 3, 0.62%, 0, 0, 6, 2493.31
1515504640, 0, 303, 358, 310, 2, 0.62%, 0, 0, 6, 2502.68
1515504650, 1, 57, 358, 309, 1, 0.62%, 0, 0, 6, 2679.68
1515504655, 1, 63, 358, 308, 0, 0.62%, 0, 0, 6, 2460.22
1515504660, 1, 67, 365, 314, 0, 0.62%, 0, 0, 6, 2450.24
1515504665, 1, 74, 365, 314, 0, 0.62%, 0, 0, 6, 2122.14
1515504671, 1, 76, 365, 313, 0, 0.62%, 0, 0, 6, 2295.89
1515504676, 1, 85, 366, 312, 0, 0.62%, 0, 0, 6, 2839.73
1515504681, 1, 105, 366, 310, 0, 0.62%, 0, 0, 6, 2873.07
1515504686, 1, 106, 366, 309, 0, 0.62%, 0, 0, 6, 2921.61
1515504691, 1, 109, 366, 308, 0, 0.62%, 0, 0, 6, 2902.15
1515504696, 1, 111, 366, 307, 0, 0.62%, 0, 0, 6, 2808.97
1515504701, 1, 115, 366, 306, 0, 0.62%, 0, 0, 6, 2768.98
1515504706, 1, 132, 370, 308, 0, 0.62%, 0, 0, 6, 2946.30
1515504711, 1, 138, 370, 306, 0, 0.62%, 0, 0, 6, 2947.25
1515504716, 1, 140, 370, 305, 0, 0.62%, 0, 0, 6, 2945.74
1515504721, 1, 150, 370, 303, 0, 0.62%, 0, 0, 6, 2909.39
1515504732, 1, 156, 370, 301, 0, 0.62%, 0, 0, 6, 2874.28
1515504737, 1, 158, 371, 301, 0, 0.62%, 0, 0, 6, 2819.93
1515504752, 1, 165, 371, 300, 0, 0.62%, 0, 0, 6, 2219.69
1515504762, 1, 184, 371, 299, 0, 0.62%, 0, 0, 6, 2531.92
1515504772, 1, 187, 371, 298, 0, 0.62%, 0, 0, 6, 2671.66
1515504777, 1, 196, 371, 297, 0, 0.62%, 0, 0, 6, 2738.09
1515504787, 1, 210, 372, 297, 0, 0.62%, 0, 0, 6, 2646.53
1515504798, 1, 215, 372, 296, 0, 0.62%, 0, 0, 6, 2520.16
1515504808, 1, 237, 372, 295, 0, 0.62%, 0, 0, 6, 2533.37
1515504823, 1, 238, 372, 294, 0, 0.62%, 0, 0, 6, 2526.02
1515504833, 1, 251, 372, 293, 0, 0.62%, 0, 0, 6, 2441.07
1515504853, 1, 255, 372, 292, 0, 0.62%, 0, 0, 6, 2348.64
1515504889, 1, 258, 374, 293, 0, 0.62%, 0, 0, 6, 2278.75
1515504904, 1, 259, 374, 292, 0, 0.62%, 0, 0, 6, 2416.81
1515504924, 1, 269, 374, 291, 0, 0.62%, 0, 0, 6, 2312.40
1515504950, 1, 269, 377, 294, 0, 0.62%, 0, 0, 6, 2277.64
1515504955, 1, 275, 377, 293, 0, 0.62%, 0, 0, 6, 2477.83
1515504970, 1, 281, 377, 292, 0, 0.62%, 0, 0, 6, 2366.03
1515504990, 1, 284, 377, 291, 0, 0.62%, 0, 0, 6, 2394.03
1515505005, 1, 286, 377, 290, 0, 0.62%, 0, 0, 6, 2720.30
1515505010, 1, 293, 377, 289, 0, 0.62%, 0, 0, 6, 2685.75
1515505025, 1, 293, 409, 320, 0, 0.62%, 0, 0, 6, 2239.66
1515505030, 1, 299, 409, 320, 0, 0.62%, 0, 0, 6, 2351.02
1515505051, 1, 307, 409, 319, 0, 0.62%, 0, 0, 6, 2528.79
1515505061, 1, 308, 409, 318, 0, 0.62%, 0, 0, 6, 2504.45
1515505081, 1, 308, 437, 345, 0, 0.62%, 0, 0, 6, 259.65
1515505087, 1, 309, 451, 359, 0, 0.62%, 0, 0, 6, 1864.28
1515505117, 1, 313, 451, 358, 0, 0.62%, 0, 0, 6, 1808.53
1515505148, 1, 314, 451, 357, 0, 0.62%, 0, 0, 6, 1955.98
1515505163, 1, 318, 451, 356, 0, 0.62%, 0, 0, 6, 2083.61
1515505193, 1, 326, 451, 355, 0, 0.62%, 0, 0, 6, 2032.42
1515505218, 1, 328, 467, 370, 0, 0.62%, 0, 0, 6, 1990.80
1515505239, 1, 332, 467, 369, 0, 0.62%, 0, 0, 6, 1690.55
1515505274, 1, 336, 467, 368, 0, 0.62%, 0, 0, 6, 2297.76
1515505289, 1, 339, 467, 367, 0, 0.62%, 0, 0, 6, 2101.64
1515505320, 1, 346, 467, 366, 0, 0.62%, 0, 0, 6, 2241.71
1515505330, 1, 347, 486, 384, 0, 0.62%, 0, 0, 6, 2113.62
1515505360, 1, 352, 486, 383, 0, 0.62%, 0, 0, 6, 2059.09
1515505386, 1, 358, 486, 382, 0, 0.62%, 0, 0, 6, 2440.72
1515505396, 1, 363, 486, 381, 0, 0.62%, 0, 0, 6, 2660.33
1515505411, 1, 364, 486, 380, 0, 0.62%, 0, 0, 6, 2183.21
1515505442, 1, 367, 488, 381, 0, 0.62%, 0, 0, 6, 1454.25
1515505498, 1, 368, 488, 380, 0, 0.62%, 0, 0, 6, 1083.63
1515505560, 1, 370, 488, 379, 0, 0.62%, 0, 0, 6, 2034.20
1515505575, 1, 371, 488, 378, 0, 0.62%, 0, 0, 6, 1391.32
1515505677, 1, 379, 488, 377, 0, 0.62%, 0, 0, 6, 735.57
1515505942, 1, 379, 500, 388, 0, 0.62%, 0, 0, 6, 131.10
1515505947, 1, 384, 500, 388, 0, 0.62%, 0, 0, 6, 469.11
1515506593, 1, 386, 500, 387, 0, 0.62%, 0, 0, 6, 560.47
1515507663, 1, 415, 500, 386, 0, 0.62%, 0, 0, 6, 680.17
1515507765, 1, 416, 500, 385, 0, 0.62%, 0, 0, 6, 1068.25
1515508287, 1, 427, 500, 384, 0, 0.62%, 0, 0, 6, 564.36
1515509193, 1, 427, 504, 387, 0, 0.62%, 0, 0, 6, 47.85
1515509198, 1, 429, 510, 393, 0, 0.62%, 0, 0, 6, 216.12
1515511014, 1, 440, 510, 392, 0, 0.62%, 0, 0, 6, 335.58
1515512811, 1, 444, 510, 391, 0, 0.62%, 0, 0, 6, 327.56
1515514134, 1, 447, 510, 390, 0, 0.62%, 0, 0, 6, 259.80
1515520826, 1, 450, 510, 389, 0, 0.62%, 0, 0, 6, 490.69
1515521310, 1, 476, 511, 389, 0, 0.62%, 0, 0, 6, 715.49
1515522712, 1, 479, 511, 388, 0, 0.62%, 0, 0, 6, 498.86
1515550154, 1, 484, 511, 387, 0, 0.62%, 0, 0, 6, 1352.95
1515550392, 1, 489, 511, 386, 0, 0.62%, 0, 0, 6, 147.11
1515569419, 1, 504, 511, 385, 0, 0.62%, 0, 0, 6, 208.84
